timeStamp,elapsed,label,responseCode,responseMessage,threadName,dataType,success,failureMessage,bytes,sentBytes,grpThreads,allThreads,URL,Latency,IdleTime,Connect
1734108867873,352,1 - Transitive friends - step 3,200,OK,Postgres 1-1,text,true,,3019,0,1,1,null,349,0,0
1734108868226,344,1 - Transitive friends - step 3,200,OK,Postgres 1-1,text,true,,3019,0,1,1,null,342,0,0
1734108868570,320,1 - Transitive friends - step 3,200,OK,Postgres 1-1,text,true,,3019,0,1,1,null,318,0,0
1734108868890,320,1 - Transitive friends - step 3,200,OK,Postgres 1-1,text,true,,3019,0,1,1,null,319,0,0
1734108869210,164,1 - Transitive friends - step 3,200,OK,Postgres 1-1,text,true,,3267,0,1,1,null,163,0,0
1734108869374,181,1 - Transitive friends - step 3,200,OK,Postgres 1-1,text,true,,3267,0,1,1,null,180,0,0
1734108869555,162,1 - Transitive friends - step 3,200,OK,Postgres 1-1,text,true,,3267,0,1,1,null,161,0,0
1734108869717,179,1 - Transitive friends - step 3,200,OK,Postgres 1-1,text,true,,3267,0,1,1,null,178,0,0
1734108869896,53,1 - Transitive friends - step 3,200,OK,Postgres 1-1,text,true,,3372,0,1,1,null,52,0,0
1734108869950,48,1 - Transitive friends - step 3,200,OK,Postgres 1-1,text,true,,3372,0,1,1,null,47,0,0
1734108869998,50,1 - Transitive friends - step 3,200,OK,Postgres 1-1,text,true,,3372,0,1,1,null,49,0,0
1734108870050,49,1 - Transitive friends - step 3,200,OK,Postgres 1-1,text,true,,3372,0,1,1,null,48,0,0
1734108870099,53,1 - Transitive friends - step 3,200,OK,Postgres 1-1,text,true,,3199,0,1,1,null,53,0,0
1734108870152,53,1 - Transitive friends - step 3,200,OK,Postgres 1-1,text,true,,3199,0,1,1,null,52,0,0
1734108870205,53,1 - Transitive friends - step 3,200,OK,Postgres 1-1,text,true,,3199,0,1,1,null,52,0,0
1734108870258,52,1 - Transitive friends - step 3,200,OK,Postgres 1-1,text,true,,3199,0,1,1,null,52,0,0
1734108870312,7216,2 - Transitive friends - step 4,200,OK,Postgres 1-1,text,true,,3019,0,1,1,null,7215,0,0
1734108877528,7238,2 - Transitive friends - step 4,200,OK,Postgres 1-1,text,true,,3019,0,1,1,null,7238,0,0
1734108884767,7264,2 - Transitive friends - step 4,200,OK,Postgres 1-1,text,true,,3019,0,1,1,null,7264,0,0
1734108892031,7151,2 - Transitive friends - step 4,200,OK,Postgres 1-1,text,true,,3019,0,1,1,null,7151,0,0
1734108899182,3545,2 - Transitive friends - step 4,200,OK,Postgres 1-1,text,true,,3267,0,1,1,null,3545,0,0
1734108902728,3450,2 - Transitive friends - step 4,200,OK,Postgres 1-1,text,true,,3267,0,1,1,null,3449,0,1
1734108906178,3454,2 - Transitive friends - step 4,200,OK,Postgres 1-1,text,true,,3267,0,1,1,null,3453,0,0
1734108909632,3428,2 - Transitive friends - step 4,200,OK,Postgres 1-1,text,true,,3267,0,1,1,null,3427,0,0
1734108913060,892,2 - Transitive friends - step 4,200,OK,Postgres 1-1,text,true,,3372,0,1,1,null,892,0,0
1734108913952,885,2 - Transitive friends - step 4,200,OK,Postgres 1-1,text,true,,3372,0,1,1,null,885,0,0
1734108914837,887,2 - Transitive friends - step 4,200,OK,Postgres 1-1,text,true,,3372,0,1,1,null,886,0,0
1734108915724,855,2 - Transitive friends - step 4,200,OK,Postgres 1-1,text,true,,3372,0,1,1,null,854,0,0
1734108916579,1353,2 - Transitive friends - step 4,200,OK,Postgres 1-1,text,true,,3199,0,1,1,null,1352,0,0
1734108917932,1379,2 - Transitive friends - step 4,200,OK,Postgres 1-1,text,true,,3199,0,1,1,null,1379,0,0
1734108919311,1436,2 - Transitive friends - step 4,200,OK,Postgres 1-1,text,true,,3199,0,1,1,null,1436,0,0
1734108920748,1381,2 - Transitive friends - step 4,200,OK,Postgres 1-1,text,true,,3199,0,1,1,null,1380,0,0
1734108922130,149901,3 - Transitive friends - step 5,200,OK,Postgres 1-1,text,true,,3019,0,1,1,null,149900,0,0
1734109072031,153376,3 - Transitive friends - step 5,200,OK,Postgres 1-1,text,true,,3019,0,1,1,null,153376,0,0
1734109225408,152854,3 - Transitive friends - step 5,200,OK,Postgres 1-1,text,true,,3019,0,1,1,null,152854,0,0
1734109378262,152688,3 - Transitive friends - step 5,200,OK,Postgres 1-1,text,true,,3019,0,1,1,null,152688,0,0
1734109530950,63484,3 - Transitive friends - step 5,200,OK,Postgres 1-1,text,true,,3267,0,1,1,null,63484,0,0
1734109594436,65114,3 - Transitive friends - step 5,200,OK,Postgres 1-1,text,true,,3267,0,1,1,null,65113,0,0
1734109659550,62723,3 - Transitive friends - step 5,200,OK,Postgres 1-1,text,true,,3267,0,1,1,null,62723,0,0
1734109722273,65657,3 - Transitive friends - step 5,200,OK,Postgres 1-1,text,true,,3267,0,1,1,null,65657,0,0
1734109787930,14946,3 - Transitive friends - step 5,200,OK,Postgres 1-1,text,true,,3372,0,1,1,null,14946,0,0
1734109802877,13680,3 - Transitive friends - step 5,200,OK,Postgres 1-1,text,true,,3372,0,1,1,null,13679,0,0
1734109816557,13939,3 - Transitive friends - step 5,200,OK,Postgres 1-1,text,true,,3372,0,1,1,null,13939,0,0
1734109830497,13769,3 - Transitive friends - step 5,200,OK,Postgres 1-1,text,true,,3372,0,1,1,null,13769,0,0
1734109844267,28341,3 - Transitive friends - step 5,200,OK,Postgres 1-1,text,true,,3199,0,1,1,null,28340,0,0
1734109872608,28629,3 - Transitive friends - step 5,200,OK,Postgres 1-1,text,true,,3199,0,1,1,null,28629,0,0
1734109901237,28351,3 - Transitive friends - step 5,200,OK,Postgres 1-1,text,true,,3199,0,1,1,null,28350,0,0
1734109929588,28406,3 - Transitive friends - step 5,200,OK,Postgres 1-1,text,true,,3199,0,1,1,null,28405,0,0
1734109958004,391,4 - Friends and fof that have been to countries,200,OK,Postgres 1-1,text,true,,127,0,1,1,null,390,0,0
1734109958395,158,4 - Friends and fof that have been to countries,200,OK,Postgres 1-1,text,true,,127,0,1,1,null,157,0,0
1734109958553,161,4 - Friends and fof that have been to countries,200,OK,Postgres 1-1,text,true,,127,0,1,1,null,161,0,0
1734109958715,160,4 - Friends and fof that have been to countries,200,OK,Postgres 1-1,text,true,,127,0,1,1,null,160,0,0
1734109958875,229,4 - Friends and fof that have been to countries,200,OK,Postgres 1-1,text,true,,160,0,1,1,null,229,0,0
1734109959105,173,4 - Friends and fof that have been to countries,200,OK,Postgres 1-1,text,true,,160,0,1,1,null,173,0,0
1734109959278,170,4 - Friends and fof that have been to countries,200,OK,Postgres 1-1,text,true,,160,0,1,1,null,170,0,0
1734109959448,218,4 - Friends and fof that have been to countries,200,OK,Postgres 1-1,text,true,,160,0,1,1,null,218,0,0
1734109959667,178,4 - Friends and fof that have been to countries,200,OK,Postgres 1-1,text,true,,229,0,1,1,null,178,0,0
1734109959845,174,4 - Friends and fof that have been to countries,200,OK,Postgres 1-1,text,true,,229,0,1,1,null,174,0,0
1734109960019,177,4 - Friends and fof that have been to countries,200,OK,Postgres 1-1,text,true,,229,0,1,1,null,177,0,0
1734109960196,176,4 - Friends and fof that have been to countries,200,OK,Postgres 1-1,text,true,,229,0,1,1,null,176,0,1
1734109960373,174,4 - Friends and fof that have been to countries,200,OK,Postgres 1-1,text,true,,155,0,1,1,null,174,0,0
1734109960548,176,4 - Friends and fof that have been to countries,200,OK,Postgres 1-1,text,true,,155,0,1,1,null,176,0,0
1734109960724,175,4 - Friends and fof that have been to countries,200,OK,Postgres 1-1,text,true,,155,0,1,1,null,175,0,0
1734109960899,173,4 - Friends and fof that have been to countries,200,OK,Postgres 1-1,text,true,,155,0,1,1,null,173,0,0
1734109961074,106,5 - Shortest path,200,OK,Postgres 1-1,text,true,,62,0,1,1,null,106,0,0
1734109961180,98,5 - Shortest path,200,OK,Postgres 1-1,text,true,,62,0,1,1,null,97,0,0
1734109961278,96,5 - Shortest path,200,OK,Postgres 1-1,text,true,,62,0,1,1,null,96,0,0
1734109961374,99,5 - Shortest path,200,OK,Postgres 1-1,text,true,,62,0,1,1,null,99,0,0
1734109961473,95,5 - Shortest path,200,OK,Postgres 1-1,text,true,,70,0,1,1,null,95,0,0
1734109961569,96,5 - Shortest path,200,OK,Postgres 1-1,text,true,,70,0,1,1,null,96,0,0
1734109961665,97,5 - Shortest path,200,OK,Postgres 1-1,text,true,,70,0,1,1,null,97,0,0
1734109961763,105,5 - Shortest path,200,OK,Postgres 1-1,text,true,,70,0,1,1,null,104,0,0
1734109961868,94,5 - Shortest path,200,OK,Postgres 1-1,text,true,,59,0,1,1,null,94,0,0
1734109961963,97,5 - Shortest path,200,OK,Postgres 1-1,text,true,,59,0,1,1,null,97,0,0
1734109962060,99,5 - Shortest path,200,OK,Postgres 1-1,text,true,,59,0,1,1,null,99,0,0
1734109962159,95,5 - Shortest path,200,OK,Postgres 1-1,text,true,,59,0,1,1,null,95,0,0
1734109962255,97,5 - Shortest path,200,OK,Postgres 1-1,text,true,,61,0,1,1,null,97,0,0
1734109962352,94,5 - Shortest path,200,OK,Postgres 1-1,text,true,,61,0,1,1,null,93,0,0
1734109962446,103,5 - Shortest path,200,OK,Postgres 1-1,text,true,,61,0,1,1,null,102,0,0
1734109962549,96,5 - Shortest path,200,OK,Postgres 1-1,text,true,,61,0,1,1,null,96,0,0
1734109962654,112,6 - k Shortest paths,200,OK,Postgres 1-1,text,true,,177,0,1,1,null,112,0,0
1734109962766,106,6 - k Shortest paths,200,OK,Postgres 1-1,text,true,,177,0,1,1,null,106,0,0
1734109962873,107,6 - k Shortest paths,200,OK,Postgres 1-1,text,true,,177,0,1,1,null,107,0,0
1734109962980,106,6 - k Shortest paths,200,OK,Postgres 1-1,text,true,,177,0,1,1,null,106,0,0
1734109963087,110,6 - k Shortest paths,200,OK,Postgres 1-1,text,true,,204,0,1,1,null,110,0,0
1734109963197,117,6 - k Shortest paths,200,OK,Postgres 1-1,text,true,,204,0,1,1,null,116,0,0
1734109963314,103,6 - k Shortest paths,200,OK,Postgres 1-1,text,true,,204,0,1,1,null,103,0,0
1734109963417,114,6 - k Shortest paths,200,OK,Postgres 1-1,text,true,,204,0,1,1,null,114,0,0
1734109963531,106,6 - k Shortest paths,200,OK,Postgres 1-1,text,true,,167,0,1,1,null,106,0,0
1734109963637,104,6 - k Shortest paths,200,OK,Postgres 1-1,text,true,,167,0,1,1,null,104,0,0
1734109963742,99,6 - k Shortest paths,200,OK,Postgres 1-1,text,true,,167,0,1,1,null,99,0,0
1734109963841,109,6 - k Shortest paths,200,OK,Postgres 1-1,text,true,,167,0,1,1,null,108,0,0
1734109963950,101,6 - k Shortest paths,200,OK,Postgres 1-1,text,true,,175,0,1,1,null,101,0,0
1734109964051,108,6 - k Shortest paths,200,OK,Postgres 1-1,text,true,,175,0,1,1,null,108,0,1
1734109964159,99,6 - k Shortest paths,200,OK,Postgres 1-1,text,true,,175,0,1,1,null,98,0,0
1734109964258,103,6 - k Shortest paths,200,OK,Postgres 1-1,text,true,,175,0,1,1,null,103,0,0
1734109964362,4,7 - Forum of a message,200,OK,Postgres 1-1,text,true,,134,0,1,1,null,4,0,0
1734109964366,0,7 - Forum of a message,200,OK,Postgres 1-1,text,true,,134,0,1,1,null,0,0,0
1734109964366,1,7 - Forum of a message,200,OK,Postgres 1-1,text,true,,134,0,1,1,null,1,0,0
1734109964367,0,7 - Forum of a message,200,OK,Postgres 1-1,text,true,,134,0,1,1,null,0,0,0
1734109964367,1,7 - Forum of a message,200,OK,Postgres 1-1,text,true,,155,0,1,1,null,1,0,0
1734109964368,1,7 - Forum of a message,200,OK,Postgres 1-1,text,true,,155,0,1,1,null,1,0,0
1734109964369,0,7 - Forum of a message,200,OK,Postgres 1-1,text,true,,155,0,1,1,null,0,0,0
1734109964369,0,7 - Forum of a message,200,OK,Postgres 1-1,text,true,,155,0,1,1,null,0,0,0
1734109964369,1,7 - Forum of a message,200,OK,Postgres 1-1,text,true,,128,0,1,1,null,1,0,0
1734109964370,0,7 - Forum of a message,200,OK,Postgres 1-1,text,true,,128,0,1,1,null,0,0,0
1734109964370,0,7 - Forum of a message,200,OK,Postgres 1-1,text,true,,128,0,1,1,null,0,0,0
1734109964370,0,7 - Forum of a message,200,OK,Postgres 1-1,text,true,,128,0,1,1,null,0,0,0
1734109964370,1,7 - Forum of a message,200,OK,Postgres 1-1,text,true,,142,0,1,1,null,1,0,1
1734109964371,0,7 - Forum of a message,200,OK,Postgres 1-1,text,true,,142,0,1,1,null,0,0,0
1734109964371,0,7 - Forum of a message,200,OK,Postgres 1-1,text,true,,142,0,1,1,null,0,0,0
1734109964371,1,7 - Forum of a message,200,OK,Postgres 1-1,text,true,,142,0,1,1,null,1,0,0
1734109964372,116,8 - Recent messages by your friends,200,OK,Postgres 1-1,text,true,,2044,0,1,1,null,115,0,0
1734109964488,110,8 - Recent messages by your friends,200,OK,Postgres 1-1,text,true,,2044,0,1,1,null,110,0,0
1734109964598,109,8 - Recent messages by your friends,200,OK,Postgres 1-1,text,true,,2044,0,1,1,null,109,0,0
1734109964708,103,8 - Recent messages by your friends,200,OK,Postgres 1-1,text,true,,2044,0,1,1,null,103,0,0
1734109964811,82,8 - Recent messages by your friends,200,OK,Postgres 1-1,text,true,,1723,0,1,1,null,82,0,1
1734109964894,136,8 - Recent messages by your friends,200,OK,Postgres 1-1,text,true,,1723,0,1,1,null,136,0,0
1734109965031,80,8 - Recent messages by your friends,200,OK,Postgres 1-1,text,true,,1723,0,1,1,null,79,0,0
1734109965111,81,8 - Recent messages by your friends,200,OK,Postgres 1-1,text,true,,1723,0,1,1,null,81,0,0
1734109965192,80,8 - Recent messages by your friends,200,OK,Postgres 1-1,text,true,,2825,0,1,1,null,80,0,0
1734109965272,82,8 - Recent messages by your friends,200,OK,Postgres 1-1,text,true,,2825,0,1,1,null,82,0,1
1734109965355,81,8 - Recent messages by your friends,200,OK,Postgres 1-1,text,true,,2825,0,1,1,null,81,0,0
1734109965437,85,8 - Recent messages by your friends,200,OK,Postgres 1-1,text,true,,2825,0,1,1,null,85,0,0
1734109965522,106,8 - Recent messages by your friends,200,OK,Postgres 1-1,text,true,,2137,0,1,1,null,106,0,0
1734109965628,110,8 - Recent messages by your friends,200,OK,Postgres 1-1,text,true,,2137,0,1,1,null,110,0,0
1734109965738,110,8 - Recent messages by your friends,200,OK,Postgres 1-1,text,true,,2137,0,1,1,null,109,0,0
1734109965850,110,8 - Recent messages by your friends,200,OK,Postgres 1-1,text,true,,2137,0,1,1,null,110,0,0
1734109965962,469,9 - Friend recommendation,200,OK,Postgres 1-1,text,true,,532,0,1,1,null,468,0,0
1734109966431,348,9 - Friend recommendation,200,OK,Postgres 1-1,text,true,,532,0,1,1,null,347,0,0
1734109966779,360,9 - Friend recommendation,200,OK,Postgres 1-1,text,true,,532,0,1,1,null,360,0,0
1734109967140,464,9 - Friend recommendation,200,OK,Postgres 1-1,text,true,,532,0,1,1,null,464,0,0
1734109967604,517,9 - Friend recommendation,200,OK,Postgres 1-1,text,true,,557,0,1,1,null,517,0,0
1734109968121,457,9 - Friend recommendation,200,OK,Postgres 1-1,text,true,,557,0,1,1,null,456,0,0
1734109968578,424,9 - Friend recommendation,200,OK,Postgres 1-1,text,true,,557,0,1,1,null,423,0,0
1734109969002,427,9 - Friend recommendation,200,OK,Postgres 1-1,text,true,,557,0,1,1,null,427,0,0
1734109969429,562,9 - Friend recommendation,200,OK,Postgres 1-1,text,true,,519,0,1,1,null,562,0,0
1734109969991,458,9 - Friend recommendation,200,OK,Postgres 1-1,text,true,,519,0,1,1,null,458,0,0
1734109970449,463,9 - Friend recommendation,200,OK,Postgres 1-1,text,true,,519,0,1,1,null,463,0,0
1734109970912,460,9 - Friend recommendation,200,OK,Postgres 1-1,text,true,,519,0,1,1,null,460,0,0
1734109971372,443,9 - Friend recommendation,200,OK,Postgres 1-1,text,true,,505,0,1,1,null,443,0,0
1734109971815,412,9 - Friend recommendation,200,OK,Postgres 1-1,text,true,,505,0,1,1,null,412,0,0
1734109972227,407,9 - Friend recommendation,200,OK,Postgres 1-1,text,true,,505,0,1,1,null,407,0,0
1734109972634,405,9 - Friend recommendation,200,OK,Postgres 1-1,text,true,,505,0,1,1,null,405,0,0
1734109973041,54,10 - Replies of a message,200,OK,Postgres 1-1,text,true,,616,0,1,1,null,54,0,0
1734109973095,43,10 - Replies of a message,200,OK,Postgres 1-1,text,true,,616,0,1,1,null,43,0,0
1734109973138,46,10 - Replies of a message,200,OK,Postgres 1-1,text,true,,616,0,1,1,null,46,0,0
1734109973184,42,10 - Replies of a message,200,OK,Postgres 1-1,text,true,,616,0,1,1,null,42,0,0
1734109973226,42,10 - Replies of a message,200,OK,Postgres 1-1,text,true,,866,0,1,1,null,41,0,0
1734109973268,40,10 - Replies of a message,200,OK,Postgres 1-1,text,true,,866,0,1,1,null,40,0,0
1734109973309,40,10 - Replies of a message,200,OK,Postgres 1-1,text,true,,866,0,1,1,null,40,0,0
1734109973349,136,10 - Replies of a message,200,OK,Postgres 1-1,text,true,,866,0,1,1,null,136,0,0
1734109973485,41,10 - Replies of a message,200,OK,Postgres 1-1,text,true,,846,0,1,1,null,41,0,0
1734109973527,42,10 - Replies of a message,200,OK,Postgres 1-1,text,true,,846,0,1,1,null,42,0,0
1734109973569,42,10 - Replies of a message,200,OK,Postgres 1-1,text,true,,846,0,1,1,null,41,0,0
1734109973611,41,10 - Replies of a message,200,OK,Postgres 1-1,text,true,,846,0,1,1,null,41,0,0
1734109973652,42,10 - Replies of a message,200,OK,Postgres 1-1,text,true,,1040,0,1,1,null,42,0,0
1734109973694,41,10 - Replies of a message,200,OK,Postgres 1-1,text,true,,1040,0,1,1,null,41,0,0
1734109973735,41,10 - Replies of a message,200,OK,Postgres 1-1,text,true,,1040,0,1,1,null,41,0,0
1734109973776,42,10 - Replies of a message,200,OK,Postgres 1-1,text,true,,1040,0,1,1,null,42,0,0
