timeStamp,elapsed,label,responseCode,responseMessage,threadName,dataType,success,failureMessage,bytes,sentBytes,grpThreads,allThreads,URL,Latency,IdleTime,Connect
1734112612519,325,1 - Transitive friends - step 3,200,OK,Postgres 1-1,text,true,,3019,0,1,1,null,322,0,0
1734112612846,279,1 - Transitive friends - step 3,200,OK,Postgres 1-1,text,true,,3019,0,1,1,null,277,0,0
1734112613125,281,1 - Transitive friends - step 3,200,OK,Postgres 1-1,text,true,,3019,0,1,1,null,280,0,0
1734112613406,309,1 - Transitive friends - step 3,200,OK,Postgres 1-1,text,true,,3019,0,1,1,null,308,0,0
1734112613716,175,1 - Transitive friends - step 3,200,OK,Postgres 1-1,text,true,,3267,0,1,1,null,174,0,0
1734112613891,156,1 - Transitive friends - step 3,200,OK,Postgres 1-1,text,true,,3267,0,1,1,null,156,0,0
1734112614048,196,1 - Transitive friends - step 3,200,OK,Postgres 1-1,text,true,,3267,0,1,1,null,195,0,0
1734112614244,151,1 - Transitive friends - step 3,200,OK,Postgres 1-1,text,true,,3267,0,1,1,null,150,0,0
1734112614395,55,1 - Transitive friends - step 3,200,OK,Postgres 1-1,text,true,,3372,0,1,1,null,54,0,0
1734112614450,64,1 - Transitive friends - step 3,200,OK,Postgres 1-1,text,true,,3372,0,1,1,null,63,0,0
1734112614514,47,1 - Transitive friends - step 3,200,OK,Postgres 1-1,text,true,,3372,0,1,1,null,46,0,0
1734112614561,47,1 - Transitive friends - step 3,200,OK,Postgres 1-1,text,true,,3372,0,1,1,null,46,0,0
1734112614608,65,1 - Transitive friends - step 3,200,OK,Postgres 1-1,text,true,,3199,0,1,1,null,65,0,0
1734112614673,57,1 - Transitive friends - step 3,200,OK,Postgres 1-1,text,true,,3199,0,1,1,null,56,0,0
1734112614730,53,1 - Transitive friends - step 3,200,OK,Postgres 1-1,text,true,,3199,0,1,1,null,52,0,0
1734112614783,58,1 - Transitive friends - step 3,200,OK,Postgres 1-1,text,true,,3199,0,1,1,null,58,0,0
1734112614843,7224,2 - Transitive friends - step 4,200,OK,Postgres 1-1,text,true,,3019,0,1,1,null,7223,0,0
1734112622069,7360,2 - Transitive friends - step 4,200,OK,Postgres 1-1,text,true,,3019,0,1,1,null,7360,0,0
1734112629429,7361,2 - Transitive friends - step 4,200,OK,Postgres 1-1,text,true,,3019,0,1,1,null,7360,0,0
1734112636790,7334,2 - Transitive friends - step 4,200,OK,Postgres 1-1,text,true,,3019,0,1,1,null,7334,0,0
1734112644124,3438,2 - Transitive friends - step 4,200,OK,Postgres 1-1,text,true,,3267,0,1,1,null,3438,0,0
1734112647562,3435,2 - Transitive friends - step 4,200,OK,Postgres 1-1,text,true,,3267,0,1,1,null,3434,0,0
1734112650999,3531,2 - Transitive friends - step 4,200,OK,Postgres 1-1,text,true,,3267,0,1,1,null,3531,0,0
1734112654531,3503,2 - Transitive friends - step 4,200,OK,Postgres 1-1,text,true,,3267,0,1,1,null,3503,0,0
1734112658034,937,2 - Transitive friends - step 4,200,OK,Postgres 1-1,text,true,,3372,0,1,1,null,937,0,0
1734112658972,908,2 - Transitive friends - step 4,200,OK,Postgres 1-1,text,true,,3372,0,1,1,null,907,0,0
1734112659880,926,2 - Transitive friends - step 4,200,OK,Postgres 1-1,text,true,,3372,0,1,1,null,925,0,0
1734112660806,966,2 - Transitive friends - step 4,200,OK,Postgres 1-1,text,true,,3372,0,1,1,null,965,0,0
1734112661772,1461,2 - Transitive friends - step 4,200,OK,Postgres 1-1,text,true,,3199,0,1,1,null,1461,0,0
1734112663233,1391,2 - Transitive friends - step 4,200,OK,Postgres 1-1,text,true,,3199,0,1,1,null,1390,0,0
1734112664624,1434,2 - Transitive friends - step 4,200,OK,Postgres 1-1,text,true,,3199,0,1,1,null,1434,0,0
1734112666059,1446,2 - Transitive friends - step 4,200,OK,Postgres 1-1,text,true,,3199,0,1,1,null,1446,0,0
1734112667507,150197,3 - Transitive friends - step 5,200,OK,Postgres 1-1,text,true,,3019,0,1,1,null,150196,0,1
1734112817704,155696,3 - Transitive friends - step 5,200,OK,Postgres 1-1,text,true,,3019,0,1,1,null,155696,0,0
1734112973400,153293,3 - Transitive friends - step 5,200,OK,Postgres 1-1,text,true,,3019,0,1,1,null,153293,0,0
1734113126693,154203,3 - Transitive friends - step 5,200,OK,Postgres 1-1,text,true,,3019,0,1,1,null,154203,0,0
1734113280898,63297,3 - Transitive friends - step 5,200,OK,Postgres 1-1,text,true,,3267,0,1,1,null,63297,0,0
1734113344197,62071,3 - Transitive friends - step 5,200,OK,Postgres 1-1,text,true,,3267,0,1,1,null,62070,0,0
1734113406268,62855,3 - Transitive friends - step 5,200,OK,Postgres 1-1,text,true,,3267,0,1,1,null,62854,0,0
1734113469122,63293,3 - Transitive friends - step 5,200,OK,Postgres 1-1,text,true,,3267,0,1,1,null,63293,0,0
1734113532416,14829,3 - Transitive friends - step 5,200,OK,Postgres 1-1,text,true,,3372,0,1,1,null,14829,0,0
1734113547245,13844,3 - Transitive friends - step 5,200,OK,Postgres 1-1,text,true,,3372,0,1,1,null,13844,0,0
1734113561090,14105,3 - Transitive friends - step 5,200,OK,Postgres 1-1,text,true,,3372,0,1,1,null,14105,0,0
1734113575195,14227,3 - Transitive friends - step 5,200,OK,Postgres 1-1,text,true,,3372,0,1,1,null,14227,0,0
1734113589423,28602,3 - Transitive friends - step 5,200,OK,Postgres 1-1,text,true,,3199,0,1,1,null,28602,0,0
1734113618025,30568,3 - Transitive friends - step 5,200,OK,Postgres 1-1,text,true,,3199,0,1,1,null,30568,0,0
1734113648594,31080,3 - Transitive friends - step 5,200,OK,Postgres 1-1,text,true,,3199,0,1,1,null,31080,0,0
1734113679673,29724,3 - Transitive friends - step 5,200,OK,Postgres 1-1,text,true,,3199,0,1,1,null,29723,0,0
1734113709421,661,4 - Friends and fof that have been to countries,200,OK,Postgres 1-1,text,true,,127,0,1,1,null,661,0,0
1734113710082,269,4 - Friends and fof that have been to countries,200,OK,Postgres 1-1,text,true,,127,0,1,1,null,269,0,0
1734113710351,181,4 - Friends and fof that have been to countries,200,OK,Postgres 1-1,text,true,,127,0,1,1,null,180,0,0
1734113710532,235,4 - Friends and fof that have been to countries,200,OK,Postgres 1-1,text,true,,127,0,1,1,null,235,0,0
1734113710767,199,4 - Friends and fof that have been to countries,200,OK,Postgres 1-1,text,true,,160,0,1,1,null,199,0,0
1734113710966,198,4 - Friends and fof that have been to countries,200,OK,Postgres 1-1,text,true,,160,0,1,1,null,198,0,0
1734113711164,197,4 - Friends and fof that have been to countries,200,OK,Postgres 1-1,text,true,,160,0,1,1,null,197,0,0
1734113711362,195,4 - Friends and fof that have been to countries,200,OK,Postgres 1-1,text,true,,160,0,1,1,null,195,0,0
1734113711558,238,4 - Friends and fof that have been to countries,200,OK,Postgres 1-1,text,true,,229,0,1,1,null,238,0,0
1734113711796,232,4 - Friends and fof that have been to countries,200,OK,Postgres 1-1,text,true,,229,0,1,1,null,232,0,0
1734113712029,202,4 - Friends and fof that have been to countries,200,OK,Postgres 1-1,text,true,,229,0,1,1,null,202,0,0
1734113712232,249,4 - Friends and fof that have been to countries,200,OK,Postgres 1-1,text,true,,229,0,1,1,null,249,0,0
1734113712481,202,4 - Friends and fof that have been to countries,200,OK,Postgres 1-1,text,true,,155,0,1,1,null,202,0,0
1734113712683,203,4 - Friends and fof that have been to countries,200,OK,Postgres 1-1,text,true,,155,0,1,1,null,203,0,0
1734113712886,236,4 - Friends and fof that have been to countries,200,OK,Postgres 1-1,text,true,,155,0,1,1,null,236,0,0
1734113713123,205,4 - Friends and fof that have been to countries,200,OK,Postgres 1-1,text,true,,155,0,1,1,null,205,0,0
1734113713329,126,5 - Shortest path,200,OK,Postgres 1-1,text,true,,62,0,1,1,null,126,0,0
1734113713455,94,5 - Shortest path,200,OK,Postgres 1-1,text,true,,62,0,1,1,null,94,0,0
1734113713550,92,5 - Shortest path,200,OK,Postgres 1-1,text,true,,62,0,1,1,null,92,0,0
1734113713642,99,5 - Shortest path,200,OK,Postgres 1-1,text,true,,62,0,1,1,null,99,0,0
1734113713741,92,5 - Shortest path,200,OK,Postgres 1-1,text,true,,70,0,1,1,null,92,0,0
1734113713833,101,5 - Shortest path,200,OK,Postgres 1-1,text,true,,70,0,1,1,null,101,0,0
1734113713934,91,5 - Shortest path,200,OK,Postgres 1-1,text,true,,70,0,1,1,null,91,0,0
1734113714025,105,5 - Shortest path,200,OK,Postgres 1-1,text,true,,70,0,1,1,null,105,0,0
1734113714131,92,5 - Shortest path,200,OK,Postgres 1-1,text,true,,59,0,1,1,null,92,0,0
1734113714223,94,5 - Shortest path,200,OK,Postgres 1-1,text,true,,59,0,1,1,null,94,0,0
1734113714317,97,5 - Shortest path,200,OK,Postgres 1-1,text,true,,59,0,1,1,null,97,0,0
1734113714415,93,5 - Shortest path,200,OK,Postgres 1-1,text,true,,59,0,1,1,null,93,0,0
1734113714508,94,5 - Shortest path,200,OK,Postgres 1-1,text,true,,61,0,1,1,null,94,0,0
1734113714603,91,5 - Shortest path,200,OK,Postgres 1-1,text,true,,61,0,1,1,null,91,0,0
1734113714694,93,5 - Shortest path,200,OK,Postgres 1-1,text,true,,61,0,1,1,null,93,0,0
1734113714787,92,5 - Shortest path,200,OK,Postgres 1-1,text,true,,61,0,1,1,null,92,0,0
1734113714888,108,6 - k Shortest paths,200,OK,Postgres 1-1,text,true,,177,0,1,1,null,108,0,0
1734113714996,101,6 - k Shortest paths,200,OK,Postgres 1-1,text,true,,177,0,1,1,null,101,0,1
1734113715097,101,6 - k Shortest paths,200,OK,Postgres 1-1,text,true,,177,0,1,1,null,101,0,0
1734113715198,120,6 - k Shortest paths,200,OK,Postgres 1-1,text,true,,177,0,1,1,null,120,0,0
1734113715318,103,6 - k Shortest paths,200,OK,Postgres 1-1,text,true,,204,0,1,1,null,103,0,1
1734113715421,102,6 - k Shortest paths,200,OK,Postgres 1-1,text,true,,204,0,1,1,null,102,0,0
1734113715523,102,6 - k Shortest paths,200,OK,Postgres 1-1,text,true,,204,0,1,1,null,102,0,0
1734113715625,100,6 - k Shortest paths,200,OK,Postgres 1-1,text,true,,204,0,1,1,null,100,0,0
1734113715725,100,6 - k Shortest paths,200,OK,Postgres 1-1,text,true,,167,0,1,1,null,100,0,0
1734113715825,112,6 - k Shortest paths,200,OK,Postgres 1-1,text,true,,167,0,1,1,null,112,0,0
1734113715937,94,6 - k Shortest paths,200,OK,Postgres 1-1,text,true,,167,0,1,1,null,94,0,0
1734113716031,97,6 - k Shortest paths,200,OK,Postgres 1-1,text,true,,167,0,1,1,null,97,0,0
1734113716129,99,6 - k Shortest paths,200,OK,Postgres 1-1,text,true,,175,0,1,1,null,99,0,0
1734113716228,99,6 - k Shortest paths,200,OK,Postgres 1-1,text,true,,175,0,1,1,null,99,0,0
1734113716327,100,6 - k Shortest paths,200,OK,Postgres 1-1,text,true,,175,0,1,1,null,100,0,0
1734113716427,97,6 - k Shortest paths,200,OK,Postgres 1-1,text,true,,175,0,1,1,null,97,0,0
1734113716526,9,7 - Forum of a message,200,OK,Postgres 1-1,text,true,,134,0,1,1,null,9,0,0
1734113716535,0,7 - Forum of a message,200,OK,Postgres 1-1,text,true,,134,0,1,1,null,0,0,0
1734113716536,0,7 - Forum of a message,200,OK,Postgres 1-1,text,true,,134,0,1,1,null,0,0,0
1734113716536,1,7 - Forum of a message,200,OK,Postgres 1-1,text,true,,134,0,1,1,null,1,0,0
1734113716537,2,7 - Forum of a message,200,OK,Postgres 1-1,text,true,,155,0,1,1,null,2,0,0
1734113716539,0,7 - Forum of a message,200,OK,Postgres 1-1,text,true,,155,0,1,1,null,0,0,0
1734113716539,1,7 - Forum of a message,200,OK,Postgres 1-1,text,true,,155,0,1,1,null,1,0,0
1734113716540,0,7 - Forum of a message,200,OK,Postgres 1-1,text,true,,155,0,1,1,null,0,0,0
1734113716540,1,7 - Forum of a message,200,OK,Postgres 1-1,text,true,,128,0,1,1,null,1,0,0
1734113716541,1,7 - Forum of a message,200,OK,Postgres 1-1,text,true,,128,0,1,1,null,1,0,0
1734113716542,0,7 - Forum of a message,200,OK,Postgres 1-1,text,true,,128,0,1,1,null,0,0,0
1734113716542,0,7 - Forum of a message,200,OK,Postgres 1-1,text,true,,128,0,1,1,null,0,0,0
1734113716543,1,7 - Forum of a message,200,OK,Postgres 1-1,text,true,,142,0,1,1,null,1,0,0
1734113716544,0,7 - Forum of a message,200,OK,Postgres 1-1,text,true,,142,0,1,1,null,0,0,0
1734113716544,1,7 - Forum of a message,200,OK,Postgres 1-1,text,true,,142,0,1,1,null,0,0,0
1734113716545,0,7 - Forum of a message,200,OK,Postgres 1-1,text,true,,142,0,1,1,null,0,0,0
1734113716545,117,8 - Recent messages by your friends,200,OK,Postgres 1-1,text,true,,2044,0,1,1,null,116,0,0
1734113716662,115,8 - Recent messages by your friends,200,OK,Postgres 1-1,text,true,,2044,0,1,1,null,115,0,0
1734113716777,153,8 - Recent messages by your friends,200,OK,Postgres 1-1,text,true,,2044,0,1,1,null,152,0,0
1734113716930,119,8 - Recent messages by your friends,200,OK,Postgres 1-1,text,true,,2044,0,1,1,null,119,0,0
1734113717050,88,8 - Recent messages by your friends,200,OK,Postgres 1-1,text,true,,1723,0,1,1,null,88,0,0
1734113717138,134,8 - Recent messages by your friends,200,OK,Postgres 1-1,text,true,,1723,0,1,1,null,134,0,0
1734113717272,88,8 - Recent messages by your friends,200,OK,Postgres 1-1,text,true,,1723,0,1,1,null,88,0,0
1734113717360,91,8 - Recent messages by your friends,200,OK,Postgres 1-1,text,true,,1723,0,1,1,null,91,0,0
1734113717451,97,8 - Recent messages by your friends,200,OK,Postgres 1-1,text,true,,2825,0,1,1,null,97,0,0
1734113717549,94,8 - Recent messages by your friends,200,OK,Postgres 1-1,text,true,,2825,0,1,1,null,94,0,0
1734113717643,90,8 - Recent messages by your friends,200,OK,Postgres 1-1,text,true,,2825,0,1,1,null,90,0,0
1734113717733,94,8 - Recent messages by your friends,200,OK,Postgres 1-1,text,true,,2825,0,1,1,null,94,0,0
1734113717828,122,8 - Recent messages by your friends,200,OK,Postgres 1-1,text,true,,2137,0,1,1,null,122,0,0
1734113717950,125,8 - Recent messages by your friends,200,OK,Postgres 1-1,text,true,,2137,0,1,1,null,125,0,0
1734113718075,129,8 - Recent messages by your friends,200,OK,Postgres 1-1,text,true,,2137,0,1,1,null,129,0,0
1734113718207,120,8 - Recent messages by your friends,200,OK,Postgres 1-1,text,true,,2137,0,1,1,null,120,0,0
1734113718328,1223,9 - Friend recommendation,200,OK,Postgres 1-1,text,true,,532,0,1,1,null,1223,0,0
1734113719551,346,9 - Friend recommendation,200,OK,Postgres 1-1,text,true,,532,0,1,1,null,346,0,1
1734113719897,333,9 - Friend recommendation,200,OK,Postgres 1-1,text,true,,532,0,1,1,null,333,0,0
1734113720230,335,9 - Friend recommendation,200,OK,Postgres 1-1,text,true,,532,0,1,1,null,334,0,0
1734113720565,931,9 - Friend recommendation,200,OK,Postgres 1-1,text,true,,557,0,1,1,null,931,0,0
1734113721496,400,9 - Friend recommendation,200,OK,Postgres 1-1,text,true,,557,0,1,1,null,400,0,0
1734113721896,394,9 - Friend recommendation,200,OK,Postgres 1-1,text,true,,557,0,1,1,null,394,0,0
1734113722290,398,9 - Friend recommendation,200,OK,Postgres 1-1,text,true,,557,0,1,1,null,398,0,0
1734113722688,624,9 - Friend recommendation,200,OK,Postgres 1-1,text,true,,519,0,1,1,null,623,0,0
1734113723312,456,9 - Friend recommendation,200,OK,Postgres 1-1,text,true,,519,0,1,1,null,456,0,0
1734113723768,443,9 - Friend recommendation,200,OK,Postgres 1-1,text,true,,519,0,1,1,null,443,0,0
1734113724211,439,9 - Friend recommendation,200,OK,Postgres 1-1,text,true,,519,0,1,1,null,439,0,0
1734113724651,434,9 - Friend recommendation,200,OK,Postgres 1-1,text,true,,505,0,1,1,null,433,0,0
1734113725085,381,9 - Friend recommendation,200,OK,Postgres 1-1,text,true,,505,0,1,1,null,381,0,0
1734113725466,383,9 - Friend recommendation,200,OK,Postgres 1-1,text,true,,505,0,1,1,null,383,0,0
1734113725849,388,9 - Friend recommendation,200,OK,Postgres 1-1,text,true,,505,0,1,1,null,388,0,0
1734113726239,103,10 - Replies of a message,200,OK,Postgres 1-1,text,true,,616,0,1,1,null,102,0,0
1734113726342,46,10 - Replies of a message,200,OK,Postgres 1-1,text,true,,616,0,1,1,null,46,0,0
1734113726388,44,10 - Replies of a message,200,OK,Postgres 1-1,text,true,,616,0,1,1,null,44,0,0
1734113726432,46,10 - Replies of a message,200,OK,Postgres 1-1,text,true,,616,0,1,1,null,46,0,0
1734113726478,48,10 - Replies of a message,200,OK,Postgres 1-1,text,true,,866,0,1,1,null,48,0,0
1734113726527,42,10 - Replies of a message,200,OK,Postgres 1-1,text,true,,866,0,1,1,null,42,0,0
1734113726569,47,10 - Replies of a message,200,OK,Postgres 1-1,text,true,,866,0,1,1,null,47,0,1
1734113726616,44,10 - Replies of a message,200,OK,Postgres 1-1,text,true,,866,0,1,1,null,44,0,0
1734113726660,43,10 - Replies of a message,200,OK,Postgres 1-1,text,true,,846,0,1,1,null,42,0,0
1734113726703,43,10 - Replies of a message,200,OK,Postgres 1-1,text,true,,846,0,1,1,null,42,0,0
1734113726746,43,10 - Replies of a message,200,OK,Postgres 1-1,text,true,,846,0,1,1,null,43,0,0
1734113726789,43,10 - Replies of a message,200,OK,Postgres 1-1,text,true,,846,0,1,1,null,43,0,0
1734113726833,130,10 - Replies of a message,200,OK,Postgres 1-1,text,true,,1040,0,1,1,null,130,0,0
1734113726963,44,10 - Replies of a message,200,OK,Postgres 1-1,text,true,,1040,0,1,1,null,44,0,0
1734113727008,42,10 - Replies of a message,200,OK,Postgres 1-1,text,true,,1040,0,1,1,null,42,0,0
1734113727051,42,10 - Replies of a message,200,OK,Postgres 1-1,text,true,,1040,0,1,1,null,42,0,0
