timeStamp,elapsed,label,responseCode,responseMessage,threadName,dataType,success,failureMessage,bytes,sentBytes,grpThreads,allThreads,URL,Latency,IdleTime,Connect
1734114496700,345,1 - Transitive friends - step 3,200,OK,Postgres 1-1,text,true,,3019,0,1,1,null,341,0,0
1734114497046,285,1 - Transitive friends - step 3,200,OK,Postgres 1-1,text,true,,3019,0,1,1,null,283,0,0
1734114497331,346,1 - Transitive friends - step 3,200,OK,Postgres 1-1,text,true,,3019,0,1,1,null,345,0,0
1734114497677,275,1 - Transitive friends - step 3,200,OK,Postgres 1-1,text,true,,3019,0,1,1,null,274,0,0
1734114497952,164,1 - Transitive friends - step 3,200,OK,Postgres 1-1,text,true,,3267,0,1,1,null,163,0,0
1734114498116,149,1 - Transitive friends - step 3,200,OK,Postgres 1-1,text,true,,3267,0,1,1,null,149,0,0
1734114498266,149,1 - Transitive friends - step 3,200,OK,Postgres 1-1,text,true,,3267,0,1,1,null,148,0,0
1734114498415,163,1 - Transitive friends - step 3,200,OK,Postgres 1-1,text,true,,3267,0,1,1,null,162,0,0
1734114498578,56,1 - Transitive friends - step 3,200,OK,Postgres 1-1,text,true,,3372,0,1,1,null,54,0,0
1734114498634,47,1 - Transitive friends - step 3,200,OK,Postgres 1-1,text,true,,3372,0,1,1,null,47,0,0
1734114498681,47,1 - Transitive friends - step 3,200,OK,Postgres 1-1,text,true,,3372,0,1,1,null,47,0,0
1734114498728,53,1 - Transitive friends - step 3,200,OK,Postgres 1-1,text,true,,3372,0,1,1,null,52,0,0
1734114498781,56,1 - Transitive friends - step 3,200,OK,Postgres 1-1,text,true,,3199,0,1,1,null,55,0,0
1734114498837,59,1 - Transitive friends - step 3,200,OK,Postgres 1-1,text,true,,3199,0,1,1,null,59,0,0
1734114498896,56,1 - Transitive friends - step 3,200,OK,Postgres 1-1,text,true,,3199,0,1,1,null,55,0,1
1734114498952,52,1 - Transitive friends - step 3,200,OK,Postgres 1-1,text,true,,3199,0,1,1,null,52,0,0
1734114499006,7162,2 - Transitive friends - step 4,200,OK,Postgres 1-1,text,true,,3019,0,1,1,null,7162,0,0
1734114506168,7676,2 - Transitive friends - step 4,200,OK,Postgres 1-1,text,true,,3019,0,1,1,null,7676,0,0
1734114513853,7321,2 - Transitive friends - step 4,200,OK,Postgres 1-1,text,true,,3019,0,1,1,null,7321,0,0
1734114521174,7193,2 - Transitive friends - step 4,200,OK,Postgres 1-1,text,true,,3019,0,1,1,null,7193,0,0
1734114528368,3458,2 - Transitive friends - step 4,200,OK,Postgres 1-1,text,true,,3267,0,1,1,null,3458,0,0
1734114531827,3443,2 - Transitive friends - step 4,200,OK,Postgres 1-1,text,true,,3267,0,1,1,null,3443,0,0
1734114535270,3422,2 - Transitive friends - step 4,200,OK,Postgres 1-1,text,true,,3267,0,1,1,null,3422,0,0
1734114538692,3427,2 - Transitive friends - step 4,200,OK,Postgres 1-1,text,true,,3267,0,1,1,null,3426,0,0
1734114542120,926,2 - Transitive friends - step 4,200,OK,Postgres 1-1,text,true,,3372,0,1,1,null,925,0,0
1734114543046,927,2 - Transitive friends - step 4,200,OK,Postgres 1-1,text,true,,3372,0,1,1,null,926,0,0
1734114543973,907,2 - Transitive friends - step 4,200,OK,Postgres 1-1,text,true,,3372,0,1,1,null,907,0,0
1734114544880,891,2 - Transitive friends - step 4,200,OK,Postgres 1-1,text,true,,3372,0,1,1,null,890,0,0
1734114545771,1467,2 - Transitive friends - step 4,200,OK,Postgres 1-1,text,true,,3199,0,1,1,null,1466,0,0
1734114547238,1382,2 - Transitive friends - step 4,200,OK,Postgres 1-1,text,true,,3199,0,1,1,null,1381,0,0
1734114548620,1416,2 - Transitive friends - step 4,200,OK,Postgres 1-1,text,true,,3199,0,1,1,null,1416,0,0
1734114550036,1462,2 - Transitive friends - step 4,200,OK,Postgres 1-1,text,true,,3199,0,1,1,null,1462,0,0
1734114551499,150877,3 - Transitive friends - step 5,200,OK,Postgres 1-1,text,true,,3019,0,1,1,null,150876,0,0
1734114702376,152574,3 - Transitive friends - step 5,200,OK,Postgres 1-1,text,true,,3019,0,1,1,null,152574,0,0
1734114854950,152235,3 - Transitive friends - step 5,200,OK,Postgres 1-1,text,true,,3019,0,1,1,null,152234,0,0
1734115007185,152142,3 - Transitive friends - step 5,200,OK,Postgres 1-1,text,true,,3019,0,1,1,null,152141,0,0
1734115159327,63648,3 - Transitive friends - step 5,200,OK,Postgres 1-1,text,true,,3267,0,1,1,null,63648,0,0
1734115222975,62441,3 - Transitive friends - step 5,200,OK,Postgres 1-1,text,true,,3267,0,1,1,null,62441,0,0
1734115285417,62327,3 - Transitive friends - step 5,200,OK,Postgres 1-1,text,true,,3267,0,1,1,null,62327,0,0
1734115347744,62373,3 - Transitive friends - step 5,200,OK,Postgres 1-1,text,true,,3267,0,1,1,null,62372,0,0
1734115410118,14585,3 - Transitive friends - step 5,200,OK,Postgres 1-1,text,true,,3372,0,1,1,null,14584,0,0
1734115424703,13843,3 - Transitive friends - step 5,200,OK,Postgres 1-1,text,true,,3372,0,1,1,null,13842,0,0
1734115438546,13824,3 - Transitive friends - step 5,200,OK,Postgres 1-1,text,true,,3372,0,1,1,null,13824,0,0
1734115452371,14014,3 - Transitive friends - step 5,200,OK,Postgres 1-1,text,true,,3372,0,1,1,null,14014,0,0
1734115466386,28097,3 - Transitive friends - step 5,200,OK,Postgres 1-1,text,true,,3199,0,1,1,null,28097,0,0
1734115494483,29411,3 - Transitive friends - step 5,200,OK,Postgres 1-1,text,true,,3199,0,1,1,null,29411,0,0
1734115523895,28170,3 - Transitive friends - step 5,200,OK,Postgres 1-1,text,true,,3199,0,1,1,null,28170,0,0
1734115552065,28397,3 - Transitive friends - step 5,200,OK,Postgres 1-1,text,true,,3199,0,1,1,null,28396,0,0
1734115580473,674,4 - Friends and fof that have been to countries,200,OK,Postgres 1-1,text,true,,127,0,1,1,null,674,0,0
1734115581147,197,4 - Friends and fof that have been to countries,200,OK,Postgres 1-1,text,true,,127,0,1,1,null,197,0,0
1734115581344,192,4 - Friends and fof that have been to countries,200,OK,Postgres 1-1,text,true,,127,0,1,1,null,192,0,0
1734115581537,190,4 - Friends and fof that have been to countries,200,OK,Postgres 1-1,text,true,,127,0,1,1,null,190,0,0
1734115581728,206,4 - Friends and fof that have been to countries,200,OK,Postgres 1-1,text,true,,160,0,1,1,null,206,0,0
1734115581934,236,4 - Friends and fof that have been to countries,200,OK,Postgres 1-1,text,true,,160,0,1,1,null,236,0,0
1734115582170,240,4 - Friends and fof that have been to countries,200,OK,Postgres 1-1,text,true,,160,0,1,1,null,239,0,0
1734115582410,196,4 - Friends and fof that have been to countries,200,OK,Postgres 1-1,text,true,,160,0,1,1,null,196,0,0
1734115582606,206,4 - Friends and fof that have been to countries,200,OK,Postgres 1-1,text,true,,229,0,1,1,null,206,0,0
1734115582812,209,4 - Friends and fof that have been to countries,200,OK,Postgres 1-1,text,true,,229,0,1,1,null,209,0,0
1734115583022,204,4 - Friends and fof that have been to countries,200,OK,Postgres 1-1,text,true,,229,0,1,1,null,204,0,0
1734115583226,207,4 - Friends and fof that have been to countries,200,OK,Postgres 1-1,text,true,,229,0,1,1,null,207,0,0
1734115583433,203,4 - Friends and fof that have been to countries,200,OK,Postgres 1-1,text,true,,155,0,1,1,null,203,0,0
1734115583637,210,4 - Friends and fof that have been to countries,200,OK,Postgres 1-1,text,true,,155,0,1,1,null,210,0,0
1734115583847,197,4 - Friends and fof that have been to countries,200,OK,Postgres 1-1,text,true,,155,0,1,1,null,197,0,0
1734115584044,199,4 - Friends and fof that have been to countries,200,OK,Postgres 1-1,text,true,,155,0,1,1,null,199,0,0
1734115584244,115,5 - Shortest path,200,OK,Postgres 1-1,text,true,,62,0,1,1,null,115,0,0
1734115584359,97,5 - Shortest path,200,OK,Postgres 1-1,text,true,,62,0,1,1,null,97,0,0
1734115584457,101,5 - Shortest path,200,OK,Postgres 1-1,text,true,,62,0,1,1,null,101,0,0
1734115584558,97,5 - Shortest path,200,OK,Postgres 1-1,text,true,,62,0,1,1,null,97,0,0
1734115584655,101,5 - Shortest path,200,OK,Postgres 1-1,text,true,,70,0,1,1,null,101,0,0
1734115584756,96,5 - Shortest path,200,OK,Postgres 1-1,text,true,,70,0,1,1,null,96,0,0
1734115584852,106,5 - Shortest path,200,OK,Postgres 1-1,text,true,,70,0,1,1,null,106,0,0
1734115584958,96,5 - Shortest path,200,OK,Postgres 1-1,text,true,,70,0,1,1,null,95,0,0
1734115585054,96,5 - Shortest path,200,OK,Postgres 1-1,text,true,,59,0,1,1,null,96,0,0
1734115585150,100,5 - Shortest path,200,OK,Postgres 1-1,text,true,,59,0,1,1,null,100,0,0
1734115585250,94,5 - Shortest path,200,OK,Postgres 1-1,text,true,,59,0,1,1,null,94,0,0
1734115585344,99,5 - Shortest path,200,OK,Postgres 1-1,text,true,,59,0,1,1,null,99,0,0
1734115585443,102,5 - Shortest path,200,OK,Postgres 1-1,text,true,,61,0,1,1,null,102,0,0
1734115585545,95,5 - Shortest path,200,OK,Postgres 1-1,text,true,,61,0,1,1,null,95,0,0
1734115585640,96,5 - Shortest path,200,OK,Postgres 1-1,text,true,,61,0,1,1,null,95,0,0
1734115585736,104,5 - Shortest path,200,OK,Postgres 1-1,text,true,,61,0,1,1,null,104,0,0
1734115585841,108,6 - k Shortest paths,200,OK,Postgres 1-1,text,true,,177,0,1,1,null,108,0,0
1734115585950,104,6 - k Shortest paths,200,OK,Postgres 1-1,text,true,,177,0,1,1,null,104,0,0
1734115586054,104,6 - k Shortest paths,200,OK,Postgres 1-1,text,true,,177,0,1,1,null,104,0,0
1734115586158,105,6 - k Shortest paths,200,OK,Postgres 1-1,text,true,,177,0,1,1,null,105,0,0
1734115586263,113,6 - k Shortest paths,200,OK,Postgres 1-1,text,true,,204,0,1,1,null,113,0,0
1734115586376,111,6 - k Shortest paths,200,OK,Postgres 1-1,text,true,,204,0,1,1,null,111,0,0
1734115586487,110,6 - k Shortest paths,200,OK,Postgres 1-1,text,true,,204,0,1,1,null,110,0,0
1734115586597,111,6 - k Shortest paths,200,OK,Postgres 1-1,text,true,,204,0,1,1,null,110,0,0
1734115586708,104,6 - k Shortest paths,200,OK,Postgres 1-1,text,true,,167,0,1,1,null,104,0,0
1734115586812,113,6 - k Shortest paths,200,OK,Postgres 1-1,text,true,,167,0,1,1,null,112,0,1
1734115586925,97,6 - k Shortest paths,200,OK,Postgres 1-1,text,true,,167,0,1,1,null,97,0,0
1734115587023,98,6 - k Shortest paths,200,OK,Postgres 1-1,text,true,,167,0,1,1,null,98,0,0
1734115587121,110,6 - k Shortest paths,200,OK,Postgres 1-1,text,true,,175,0,1,1,null,110,0,0
1734115587231,103,6 - k Shortest paths,200,OK,Postgres 1-1,text,true,,175,0,1,1,null,103,0,0
1734115587334,99,6 - k Shortest paths,200,OK,Postgres 1-1,text,true,,175,0,1,1,null,99,0,0
1734115587434,103,6 - k Shortest paths,200,OK,Postgres 1-1,text,true,,175,0,1,1,null,103,0,0
1734115587539,8,7 - Forum of a message,200,OK,Postgres 1-1,text,true,,134,0,1,1,null,8,0,0
1734115587547,1,7 - Forum of a message,200,OK,Postgres 1-1,text,true,,134,0,1,1,null,1,0,0
1734115587548,0,7 - Forum of a message,200,OK,Postgres 1-1,text,true,,134,0,1,1,null,0,0,0
1734115587549,0,7 - Forum of a message,200,OK,Postgres 1-1,text,true,,134,0,1,1,null,0,0,0
1734115587549,1,7 - Forum of a message,200,OK,Postgres 1-1,text,true,,155,0,1,1,null,1,0,0
1734115587550,1,7 - Forum of a message,200,OK,Postgres 1-1,text,true,,155,0,1,1,null,1,0,0
1734115587551,0,7 - Forum of a message,200,OK,Postgres 1-1,text,true,,155,0,1,1,null,0,0,0
1734115587551,0,7 - Forum of a message,200,OK,Postgres 1-1,text,true,,155,0,1,1,null,0,0,0
1734115587551,1,7 - Forum of a message,200,OK,Postgres 1-1,text,true,,128,0,1,1,null,1,0,0
1734115587552,1,7 - Forum of a message,200,OK,Postgres 1-1,text,true,,128,0,1,1,null,1,0,0
1734115587553,0,7 - Forum of a message,200,OK,Postgres 1-1,text,true,,128,0,1,1,null,0,0,0
1734115587553,0,7 - Forum of a message,200,OK,Postgres 1-1,text,true,,128,0,1,1,null,0,0,0
1734115587553,2,7 - Forum of a message,200,OK,Postgres 1-1,text,true,,142,0,1,1,null,2,0,0
1734115587555,0,7 - Forum of a message,200,OK,Postgres 1-1,text,true,,142,0,1,1,null,0,0,0
1734115587555,0,7 - Forum of a message,200,OK,Postgres 1-1,text,true,,142,0,1,1,null,0,0,0
1734115587556,0,7 - Forum of a message,200,OK,Postgres 1-1,text,true,,142,0,1,1,null,0,0,0
1734115587557,115,8 - Recent messages by your friends,200,OK,Postgres 1-1,text,true,,2044,0,1,1,null,115,0,0
1734115587673,116,8 - Recent messages by your friends,200,OK,Postgres 1-1,text,true,,2044,0,1,1,null,116,0,0
1734115587790,118,8 - Recent messages by your friends,200,OK,Postgres 1-1,text,true,,2044,0,1,1,null,118,0,0
1734115587909,117,8 - Recent messages by your friends,200,OK,Postgres 1-1,text,true,,2044,0,1,1,null,117,0,0
1734115588027,92,8 - Recent messages by your friends,200,OK,Postgres 1-1,text,true,,1723,0,1,1,null,91,0,0
1734115588119,93,8 - Recent messages by your friends,200,OK,Postgres 1-1,text,true,,1723,0,1,1,null,93,0,0
1734115588212,89,8 - Recent messages by your friends,200,OK,Postgres 1-1,text,true,,1723,0,1,1,null,89,0,0
1734115588302,94,8 - Recent messages by your friends,200,OK,Postgres 1-1,text,true,,1723,0,1,1,null,94,0,0
1734115588396,100,8 - Recent messages by your friends,200,OK,Postgres 1-1,text,true,,2825,0,1,1,null,100,0,0
1734115588496,95,8 - Recent messages by your friends,200,OK,Postgres 1-1,text,true,,2825,0,1,1,null,95,0,0
1734115588591,101,8 - Recent messages by your friends,200,OK,Postgres 1-1,text,true,,2825,0,1,1,null,101,0,0
1734115588693,98,8 - Recent messages by your friends,200,OK,Postgres 1-1,text,true,,2825,0,1,1,null,97,0,0
1734115588791,123,8 - Recent messages by your friends,200,OK,Postgres 1-1,text,true,,2137,0,1,1,null,123,0,0
1734115588914,119,8 - Recent messages by your friends,200,OK,Postgres 1-1,text,true,,2137,0,1,1,null,119,0,0
1734115589033,122,8 - Recent messages by your friends,200,OK,Postgres 1-1,text,true,,2137,0,1,1,null,122,0,0
1734115589158,128,8 - Recent messages by your friends,200,OK,Postgres 1-1,text,true,,2137,0,1,1,null,128,0,0
1734115589288,1222,9 - Friend recommendation,200,OK,Postgres 1-1,text,true,,532,0,1,1,null,1221,0,0
1734115590511,337,9 - Friend recommendation,200,OK,Postgres 1-1,text,true,,532,0,1,1,null,337,0,0
1734115590848,330,9 - Friend recommendation,200,OK,Postgres 1-1,text,true,,532,0,1,1,null,330,0,0
1734115591178,326,9 - Friend recommendation,200,OK,Postgres 1-1,text,true,,532,0,1,1,null,325,0,0
1734115591504,792,9 - Friend recommendation,200,OK,Postgres 1-1,text,true,,557,0,1,1,null,792,0,0
1734115592296,418,9 - Friend recommendation,200,OK,Postgres 1-1,text,true,,557,0,1,1,null,418,0,0
1734115592715,401,9 - Friend recommendation,200,OK,Postgres 1-1,text,true,,557,0,1,1,null,401,0,0
1734115593116,393,9 - Friend recommendation,200,OK,Postgres 1-1,text,true,,557,0,1,1,null,393,0,0
1734115593509,619,9 - Friend recommendation,200,OK,Postgres 1-1,text,true,,519,0,1,1,null,619,0,0
1734115594128,469,9 - Friend recommendation,200,OK,Postgres 1-1,text,true,,519,0,1,1,null,468,0,0
1734115594597,455,9 - Friend recommendation,200,OK,Postgres 1-1,text,true,,519,0,1,1,null,455,0,0
1734115595052,465,9 - Friend recommendation,200,OK,Postgres 1-1,text,true,,519,0,1,1,null,465,0,0
1734115595518,440,9 - Friend recommendation,200,OK,Postgres 1-1,text,true,,505,0,1,1,null,440,0,0
1734115595958,412,9 - Friend recommendation,200,OK,Postgres 1-1,text,true,,505,0,1,1,null,412,0,0
1734115596370,391,9 - Friend recommendation,200,OK,Postgres 1-1,text,true,,505,0,1,1,null,390,0,0
1734115596761,398,9 - Friend recommendation,200,OK,Postgres 1-1,text,true,,505,0,1,1,null,398,0,0
1734115597161,97,10 - Replies of a message,200,OK,Postgres 1-1,text,true,,616,0,1,1,null,97,0,0
1734115597258,47,10 - Replies of a message,200,OK,Postgres 1-1,text,true,,616,0,1,1,null,47,0,0
1734115597305,44,10 - Replies of a message,200,OK,Postgres 1-1,text,true,,616,0,1,1,null,44,0,0
1734115597349,42,10 - Replies of a message,200,OK,Postgres 1-1,text,true,,616,0,1,1,null,42,0,0
1734115597391,44,10 - Replies of a message,200,OK,Postgres 1-1,text,true,,866,0,1,1,null,44,0,0
1734115597435,44,10 - Replies of a message,200,OK,Postgres 1-1,text,true,,866,0,1,1,null,44,0,0
1734115597479,44,10 - Replies of a message,200,OK,Postgres 1-1,text,true,,866,0,1,1,null,44,0,0
1734115597523,43,10 - Replies of a message,200,OK,Postgres 1-1,text,true,,866,0,1,1,null,43,0,0
1734115597566,42,10 - Replies of a message,200,OK,Postgres 1-1,text,true,,846,0,1,1,null,42,0,0
1734115597608,42,10 - Replies of a message,200,OK,Postgres 1-1,text,true,,846,0,1,1,null,42,0,0
1734115597650,43,10 - Replies of a message,200,OK,Postgres 1-1,text,true,,846,0,1,1,null,43,0,0
1734115597693,43,10 - Replies of a message,200,OK,Postgres 1-1,text,true,,846,0,1,1,null,43,0,0
1734115597736,49,10 - Replies of a message,200,OK,Postgres 1-1,text,true,,1040,0,1,1,null,49,0,0
1734115597785,44,10 - Replies of a message,200,OK,Postgres 1-1,text,true,,1040,0,1,1,null,44,0,0
1734115597829,45,10 - Replies of a message,200,OK,Postgres 1-1,text,true,,1040,0,1,1,null,45,0,0
1734115597874,43,10 - Replies of a message,200,OK,Postgres 1-1,text,true,,1040,0,1,1,null,43,0,0
