timeStamp,elapsed,label,responseCode,responseMessage,threadName,dataType,success,failureMessage,bytes,sentBytes,grpThreads,allThreads,URL,Latency,IdleTime,Connect
1734097672741,1181,1 - Transitive friends - step 3,200,OK,Neo4j 1-1,text,true,,249,0,1,1,null,0,0,0
1734097673928,29,1 - Transitive friends - step 3,200,OK,Neo4j 1-1,text,true,,249,0,1,1,null,0,0,0
1734097673958,23,1 - Transitive friends - step 3,200,OK,Neo4j 1-1,text,true,,249,0,1,1,null,0,0,0
1734097673981,21,1 - Transitive friends - step 3,200,OK,Neo4j 1-1,text,true,,249,0,1,1,null,0,0,0
1734097674003,46,1 - Transitive friends - step 3,200,OK,Neo4j 1-1,text,true,,249,0,1,1,null,0,0,0
1734097674049,9,1 - Transitive friends - step 3,200,OK,Neo4j 1-1,text,true,,249,0,1,1,null,0,0,0
1734097674059,8,1 - Transitive friends - step 3,200,OK,Neo4j 1-1,text,true,,249,0,1,1,null,0,0,0
1734097674067,7,1 - Transitive friends - step 3,200,OK,Neo4j 1-1,text,true,,249,0,1,1,null,0,0,0
1734097674074,48,1 - Transitive friends - step 3,200,OK,Neo4j 1-1,text,true,,249,0,1,1,null,0,0,0
1734097674122,14,1 - Transitive friends - step 3,200,OK,Neo4j 1-1,text,true,,249,0,1,1,null,0,0,0
1734097674136,15,1 - Transitive friends - step 3,200,OK,Neo4j 1-1,text,true,,249,0,1,1,null,0,0,0
1734097674151,13,1 - Transitive friends - step 3,200,OK,Neo4j 1-1,text,true,,249,0,1,1,null,0,0,0
1734097674164,45,1 - Transitive friends - step 3,200,OK,Neo4j 1-1,text,true,,249,0,1,1,null,0,0,0
1734097674209,12,1 - Transitive friends - step 3,200,OK,Neo4j 1-1,text,true,,249,0,1,1,null,0,0,0
1734097674221,11,1 - Transitive friends - step 3,200,OK,Neo4j 1-1,text,true,,249,0,1,1,null,0,0,0
1734097674232,11,1 - Transitive friends - step 3,200,OK,Neo4j 1-1,text,true,,249,0,1,1,null,0,0,0
1734097674308,205,2 - Transitive friends - step 4,200,OK,Neo4j 1-1,text,true,,249,0,1,1,null,0,0,0
1734097674514,14,2 - Transitive friends - step 4,200,OK,Neo4j 1-1,text,true,,249,0,1,1,null,0,0,0
1734097674528,16,2 - Transitive friends - step 4,200,OK,Neo4j 1-1,text,true,,249,0,1,1,null,0,0,0
1734097674544,13,2 - Transitive friends - step 4,200,OK,Neo4j 1-1,text,true,,249,0,1,1,null,0,0,0
1734097674557,34,2 - Transitive friends - step 4,200,OK,Neo4j 1-1,text,true,,249,0,1,1,null,0,0,0
1734097674591,7,2 - Transitive friends - step 4,200,OK,Neo4j 1-1,text,true,,249,0,1,1,null,0,0,0
1734097674598,6,2 - Transitive friends - step 4,200,OK,Neo4j 1-1,text,true,,249,0,1,1,null,0,0,0
1734097674604,6,2 - Transitive friends - step 4,200,OK,Neo4j 1-1,text,true,,249,0,1,1,null,0,0,0
1734097674610,72,2 - Transitive friends - step 4,200,OK,Neo4j 1-1,text,true,,249,0,1,1,null,0,0,0
1734097674682,12,2 - Transitive friends - step 4,200,OK,Neo4j 1-1,text,true,,249,0,1,1,null,0,0,0
1734097674694,22,2 - Transitive friends - step 4,200,OK,Neo4j 1-1,text,true,,249,0,1,1,null,0,0,0
1734097674716,13,2 - Transitive friends - step 4,200,OK,Neo4j 1-1,text,true,,249,0,1,1,null,0,0,0
1734097674730,37,2 - Transitive friends - step 4,200,OK,Neo4j 1-1,text,true,,249,0,1,1,null,0,0,0
1734097674767,10,2 - Transitive friends - step 4,200,OK,Neo4j 1-1,text,true,,249,0,1,1,null,0,0,0
1734097674777,9,2 - Transitive friends - step 4,200,OK,Neo4j 1-1,text,true,,249,0,1,1,null,0,0,0
1734097674787,9,2 - Transitive friends - step 4,200,OK,Neo4j 1-1,text,true,,249,0,1,1,null,0,0,0
1734097674797,166,3 - Transitive friends - step 5,200,OK,Neo4j 1-1,text,true,,249,0,1,1,null,0,0,0
1734097674963,11,3 - Transitive friends - step 5,200,OK,Neo4j 1-1,text,true,,249,0,1,1,null,0,0,0
1734097674975,11,3 - Transitive friends - step 5,200,OK,Neo4j 1-1,text,true,,249,0,1,1,null,0,0,0
1734097674986,11,3 - Transitive friends - step 5,200,OK,Neo4j 1-1,text,true,,249,0,1,1,null,0,0,0
1734097674997,28,3 - Transitive friends - step 5,200,OK,Neo4j 1-1,text,true,,249,0,1,1,null,0,0,0
1734097675025,6,3 - Transitive friends - step 5,200,OK,Neo4j 1-1,text,true,,249,0,1,1,null,0,0,0
1734097675031,6,3 - Transitive friends - step 5,200,OK,Neo4j 1-1,text,true,,249,0,1,1,null,0,0,0
1734097675038,5,3 - Transitive friends - step 5,200,OK,Neo4j 1-1,text,true,,249,0,1,1,null,0,0,0
1734097675044,31,3 - Transitive friends - step 5,200,OK,Neo4j 1-1,text,true,,249,0,1,1,null,0,0,0
1734097675075,10,3 - Transitive friends - step 5,200,OK,Neo4j 1-1,text,true,,249,0,1,1,null,0,0,0
1734097675086,10,3 - Transitive friends - step 5,200,OK,Neo4j 1-1,text,true,,249,0,1,1,null,0,0,0
1734097675096,9,3 - Transitive friends - step 5,200,OK,Neo4j 1-1,text,true,,249,0,1,1,null,0,0,0
1734097675106,31,3 - Transitive friends - step 5,200,OK,Neo4j 1-1,text,true,,249,0,1,1,null,0,0,0
1734097675137,9,3 - Transitive friends - step 5,200,OK,Neo4j 1-1,text,true,,249,0,1,1,null,0,0,0
1734097675146,9,3 - Transitive friends - step 5,200,OK,Neo4j 1-1,text,true,,249,0,1,1,null,0,0,0
1734097675156,9,3 - Transitive friends - step 5,200,OK,Neo4j 1-1,text,true,,249,0,1,1,null,0,0,0
1734097675166,886,4 - Friends and fof that have been to countries,200,OK,Neo4j 1-1,text,true,,249,0,1,1,null,0,0,0
1734097676052,281,4 - Friends and fof that have been to countries,200,OK,Neo4j 1-1,text,true,,249,0,1,1,null,0,0,0
1734097676333,251,4 - Friends and fof that have been to countries,200,OK,Neo4j 1-1,text,true,,249,0,1,1,null,0,0,0
1734097676585,258,4 - Friends and fof that have been to countries,200,OK,Neo4j 1-1,text,true,,249,0,1,1,null,0,0,0
1734097676843,205,4 - Friends and fof that have been to countries,200,OK,Neo4j 1-1,text,true,,249,0,1,1,null,0,0,0
1734097677048,158,4 - Friends and fof that have been to countries,200,OK,Neo4j 1-1,text,true,,249,0,1,1,null,0,0,0
1734097677206,152,4 - Friends and fof that have been to countries,200,OK,Neo4j 1-1,text,true,,249,0,1,1,null,0,0,0
1734097677358,155,4 - Friends and fof that have been to countries,200,OK,Neo4j 1-1,text,true,,249,0,1,1,null,0,0,0
1734097677513,255,4 - Friends and fof that have been to countries,200,OK,Neo4j 1-1,text,true,,249,0,1,1,null,0,0,0
1734097677769,217,4 - Friends and fof that have been to countries,200,OK,Neo4j 1-1,text,true,,249,0,1,1,null,0,0,0
1734097677986,206,4 - Friends and fof that have been to countries,200,OK,Neo4j 1-1,text,true,,249,0,1,1,null,0,0,0
1734097678192,205,4 - Friends and fof that have been to countries,200,OK,Neo4j 1-1,text,true,,249,0,1,1,null,0,0,0
1734097678397,92,4 - Friends and fof that have been to countries,200,OK,Neo4j 1-1,text,true,,249,0,1,1,null,0,0,0
1734097678490,65,4 - Friends and fof that have been to countries,200,OK,Neo4j 1-1,text,true,,249,0,1,1,null,0,0,0
1734097678555,64,4 - Friends and fof that have been to countries,200,OK,Neo4j 1-1,text,true,,249,0,1,1,null,0,0,0
1734097678619,66,4 - Friends and fof that have been to countries,200,OK,Neo4j 1-1,text,true,,249,0,1,1,null,0,0,0
1734097678685,108,5 - Shortest path,200,OK,Neo4j 1-1,text,true,,249,0,1,1,null,0,0,0
1734097678793,3,5 - Shortest path,200,OK,Neo4j 1-1,text,true,,249,0,1,1,null,0,0,0
1734097678796,3,5 - Shortest path,200,OK,Neo4j 1-1,text,true,,249,0,1,1,null,0,0,0
1734097678799,4,5 - Shortest path,200,OK,Neo4j 1-1,text,true,,249,0,1,1,null,0,0,0
1734097678803,10,5 - Shortest path,200,OK,Neo4j 1-1,text,true,,249,0,1,1,null,0,0,0
1734097678813,4,5 - Shortest path,200,OK,Neo4j 1-1,text,true,,249,0,1,1,null,0,0,0
1734097678817,3,5 - Shortest path,200,OK,Neo4j 1-1,text,true,,249,0,1,1,null,0,0,0
1734097678820,4,5 - Shortest path,200,OK,Neo4j 1-1,text,true,,249,0,1,1,null,0,0,0
1734097678824,10,5 - Shortest path,200,OK,Neo4j 1-1,text,true,,249,0,1,1,null,0,0,0
1734097678834,4,5 - Shortest path,200,OK,Neo4j 1-1,text,true,,249,0,1,1,null,0,0,0
1734097678838,4,5 - Shortest path,200,OK,Neo4j 1-1,text,true,,249,0,1,1,null,0,0,0
1734097678842,3,5 - Shortest path,200,OK,Neo4j 1-1,text,true,,249,0,1,1,null,0,0,0
1734097678845,11,5 - Shortest path,200,OK,Neo4j 1-1,text,true,,249,0,1,1,null,0,0,0
1734097678856,4,5 - Shortest path,200,OK,Neo4j 1-1,text,true,,249,0,1,1,null,0,0,0
1734097678860,6,5 - Shortest path,200,OK,Neo4j 1-1,text,true,,249,0,1,1,null,0,0,0
1734097678867,3,5 - Shortest path,200,OK,Neo4j 1-1,text,true,,249,0,1,1,null,0,0,0
1734097678870,343,6.0 - K shortest paths - Create graph,200,OK,Neo4j 1-1,text,true,,249,0,1,1,null,0,0,0
1734097679214,193,6.1 - K shortest paths,200,OK,Neo4j 1-1,text,true,,249,0,1,1,null,0,0,0
1734097679408,35,6.1 - K shortest paths,200,OK,Neo4j 1-1,text,true,,249,0,1,1,null,0,0,0
1734097679443,28,6.1 - K shortest paths,200,OK,Neo4j 1-1,text,true,,249,0,1,1,null,0,0,0
1734097679471,27,6.1 - K shortest paths,200,OK,Neo4j 1-1,text,true,,249,0,1,1,null,0,0,0
1734097679498,38,6.1 - K shortest paths,200,OK,Neo4j 1-1,text,true,,249,0,1,1,null,0,0,0
1734097679536,23,6.1 - K shortest paths,200,OK,Neo4j 1-1,text,true,,249,0,1,1,null,0,0,0
1734097679559,21,6.1 - K shortest paths,200,OK,Neo4j 1-1,text,true,,249,0,1,1,null,0,0,0
1734097679580,23,6.1 - K shortest paths,200,OK,Neo4j 1-1,text,true,,249,0,1,1,null,0,0,0
1734097679603,64,6.1 - K shortest paths,200,OK,Neo4j 1-1,text,true,,249,0,1,1,null,0,0,0
1734097679667,53,6.1 - K shortest paths,200,OK,Neo4j 1-1,text,true,,249,0,1,1,null,0,0,0
1734097679720,52,6.1 - K shortest paths,200,OK,Neo4j 1-1,text,true,,249,0,1,1,null,0,0,0
1734097679772,53,6.1 - K shortest paths,200,OK,Neo4j 1-1,text,true,,249,0,1,1,null,0,0,0
1734097679826,60,6.1 - K shortest paths,200,OK,Neo4j 1-1,text,true,,249,0,1,1,null,0,0,0
1734097679886,48,6.1 - K shortest paths,200,OK,Neo4j 1-1,text,true,,249,0,1,1,null,0,0,0
1734097679935,48,6.1 - K shortest paths,200,OK,Neo4j 1-1,text,true,,249,0,1,1,null,0,0,0
1734097679983,49,6.1 - K shortest paths,200,OK,Neo4j 1-1,text,true,,249,0,1,1,null,0,0,0
1734097680034,39,6.2 - K Shortest paths - Drop graph,200,OK,Neo4j 1-1,text,true,,249,0,1,1,null,0,0,0
1734097680073,132,7 - Forum of a message,200,OK,Neo4j 1-1,text,true,,249,0,1,1,null,0,0,0
1734097680206,4,7 - Forum of a message,200,OK,Neo4j 1-1,text,true,,249,0,1,1,null,0,0,0
1734097680210,5,7 - Forum of a message,200,OK,Neo4j 1-1,text,true,,249,0,1,1,null,0,0,0
1734097680215,3,7 - Forum of a message,200,OK,Neo4j 1-1,text,true,,249,0,1,1,null,0,0,0
1734097680219,16,7 - Forum of a message,200,OK,Neo4j 1-1,text,true,,249,0,1,1,null,0,0,0
1734097680235,3,7 - Forum of a message,200,OK,Neo4j 1-1,text,true,,249,0,1,1,null,0,0,0
1734097680238,3,7 - Forum of a message,200,OK,Neo4j 1-1,text,true,,249,0,1,1,null,0,0,0
1734097680241,4,7 - Forum of a message,200,OK,Neo4j 1-1,text,true,,249,0,1,1,null,0,0,0
1734097680245,16,7 - Forum of a message,200,OK,Neo4j 1-1,text,true,,249,0,1,1,null,0,0,0
1734097680261,4,7 - Forum of a message,200,OK,Neo4j 1-1,text,true,,249,0,1,1,null,0,0,0
1734097680265,3,7 - Forum of a message,200,OK,Neo4j 1-1,text,true,,249,0,1,1,null,0,0,0
1734097680268,4,7 - Forum of a message,200,OK,Neo4j 1-1,text,true,,249,0,1,1,null,0,0,0
1734097680272,16,7 - Forum of a message,200,OK,Neo4j 1-1,text,true,,249,0,1,1,null,0,0,0
1734097680288,4,7 - Forum of a message,200,OK,Neo4j 1-1,text,true,,249,0,1,1,null,0,0,0
1734097680292,3,7 - Forum of a message,200,OK,Neo4j 1-1,text,true,,249,0,1,1,null,0,0,0
1734097680295,4,7 - Forum of a message,200,OK,Neo4j 1-1,text,true,,249,0,1,1,null,0,0,0
1734097680300,107,8 - Recent messages by your friends,200,OK,Neo4j 1-1,text,true,,249,0,1,1,null,0,0,0
1734097680407,37,8 - Recent messages by your friends,200,OK,Neo4j 1-1,text,true,,249,0,1,1,null,0,0,0
1734097680445,35,8 - Recent messages by your friends,200,OK,Neo4j 1-1,text,true,,249,0,1,1,null,0,0,0
1734097680481,23,8 - Recent messages by your friends,200,OK,Neo4j 1-1,text,true,,249,0,1,1,null,0,0,0
1734097680505,33,8 - Recent messages by your friends,200,OK,Neo4j 1-1,text,true,,249,0,1,1,null,0,0,0
1734097680538,23,8 - Recent messages by your friends,200,OK,Neo4j 1-1,text,true,,249,0,1,1,null,0,0,0
1734097680561,22,8 - Recent messages by your friends,200,OK,Neo4j 1-1,text,true,,249,0,1,1,null,0,0,0
1734097680583,23,8 - Recent messages by your friends,200,OK,Neo4j 1-1,text,true,,249,0,1,1,null,0,0,0
1734097680606,62,8 - Recent messages by your friends,200,OK,Neo4j 1-1,text,true,,249,0,1,1,null,0,0,0
1734097680669,51,8 - Recent messages by your friends,200,OK,Neo4j 1-1,text,true,,249,0,1,1,null,0,0,0
1734097680720,52,8 - Recent messages by your friends,200,OK,Neo4j 1-1,text,true,,249,0,1,1,null,0,0,0
1734097680772,53,8 - Recent messages by your friends,200,OK,Neo4j 1-1,text,true,,249,0,1,1,null,0,0,0
1734097680825,14,8 - Recent messages by your friends,200,OK,Neo4j 1-1,text,true,,249,0,1,1,null,0,0,0
1734097680840,6,8 - Recent messages by your friends,200,OK,Neo4j 1-1,text,true,,249,0,1,1,null,0,0,0
1734097680846,6,8 - Recent messages by your friends,200,OK,Neo4j 1-1,text,true,,249,0,1,1,null,0,0,0
1734097680852,4,8 - Recent messages by your friends,200,OK,Neo4j 1-1,text,true,,249,0,1,1,null,0,0,0
1734097680857,477,9 - Friends recommendation,200,OK,Neo4j 1-1,text,true,,249,0,1,1,null,0,0,0
1734097681334,132,9 - Friends recommendation,200,OK,Neo4j 1-1,text,true,,249,0,1,1,null,0,0,0
1734097681467,126,9 - Friends recommendation,200,OK,Neo4j 1-1,text,true,,249,0,1,1,null,0,0,0
1734097681593,87,9 - Friends recommendation,200,OK,Neo4j 1-1,text,true,,249,0,1,1,null,0,0,0
1734097681681,53,9 - Friends recommendation,200,OK,Neo4j 1-1,text,true,,249,0,1,1,null,0,0,0
1734097681735,26,9 - Friends recommendation,200,OK,Neo4j 1-1,text,true,,249,0,1,1,null,0,0,0
1734097681761,26,9 - Friends recommendation,200,OK,Neo4j 1-1,text,true,,249,0,1,1,null,0,0,0
1734097681788,25,9 - Friends recommendation,200,OK,Neo4j 1-1,text,true,,249,0,1,1,null,0,0,0
1734097681813,35,9 - Friends recommendation,200,OK,Neo4j 1-1,text,true,,249,0,1,1,null,0,0,0
1734097681848,11,9 - Friends recommendation,200,OK,Neo4j 1-1,text,true,,249,0,1,1,null,0,0,0
1734097681860,11,9 - Friends recommendation,200,OK,Neo4j 1-1,text,true,,249,0,1,1,null,0,0,0
1734097681871,11,9 - Friends recommendation,200,OK,Neo4j 1-1,text,true,,249,0,1,1,null,0,0,0
1734097681882,50,9 - Friends recommendation,200,OK,Neo4j 1-1,text,true,,249,0,1,1,null,0,0,0
1734097681932,25,9 - Friends recommendation,200,OK,Neo4j 1-1,text,true,,249,0,1,1,null,0,0,0
1734097681958,25,9 - Friends recommendation,200,OK,Neo4j 1-1,text,true,,249,0,1,1,null,0,0,0
1734097681984,27,9 - Friends recommendation,200,OK,Neo4j 1-1,text,true,,249,0,1,1,null,0,0,0
1734097682011,121,10 - Friends recommendation,200,OK,Neo4j 1-1,text,true,,249,0,1,1,null,0,0,0
1734097682132,5,10 - Friends recommendation,200,OK,Neo4j 1-1,text,true,,249,0,1,1,null,0,0,0
1734097682137,4,10 - Friends recommendation,200,OK,Neo4j 1-1,text,true,,249,0,1,1,null,0,0,0
1734097682141,4,10 - Friends recommendation,200,OK,Neo4j 1-1,text,true,,249,0,1,1,null,0,0,0
1734097682145,15,10 - Friends recommendation,200,OK,Neo4j 1-1,text,true,,249,0,1,1,null,0,0,0
1734097682160,4,10 - Friends recommendation,200,OK,Neo4j 1-1,text,true,,249,0,1,1,null,0,0,0
1734097682164,4,10 - Friends recommendation,200,OK,Neo4j 1-1,text,true,,249,0,1,1,null,0,0,0
1734097682169,4,10 - Friends recommendation,200,OK,Neo4j 1-1,text,true,,249,0,1,1,null,0,0,0
1734097682173,13,10 - Friends recommendation,200,OK,Neo4j 1-1,text,true,,249,0,1,1,null,0,0,0
1734097682187,2,10 - Friends recommendation,200,OK,Neo4j 1-1,text,true,,249,0,1,1,null,0,0,0
1734097682189,2,10 - Friends recommendation,200,OK,Neo4j 1-1,text,true,,249,0,1,1,null,0,0,0
1734097682192,2,10 - Friends recommendation,200,OK,Neo4j 1-1,text,true,,249,0,1,1,null,0,0,0
1734097682194,14,10 - Friends recommendation,200,OK,Neo4j 1-1,text,true,,249,0,1,1,null,0,0,0
1734097682208,3,10 - Friends recommendation,200,OK,Neo4j 1-1,text,true,,249,0,1,1,null,0,0,0
1734097682211,3,10 - Friends recommendation,200,OK,Neo4j 1-1,text,true,,249,0,1,1,null,0,0,0
1734097682214,3,10 - Friends recommendation,200,OK,Neo4j 1-1,text,true,,249,0,1,1,null,0,0,0
