timeStamp,elapsed,label,responseCode,responseMessage,threadName,dataType,success,failureMessage,bytes,sentBytes,grpThreads,allThreads,URL,Latency,IdleTime,Connect
1734126553417,587,1 - Transitive friends - step 3,200,OK,Postgres 1-1,text,true,,2689,0,1,1,null,583,0,0
1734126554006,567,1 - Transitive friends - step 3,200,OK,Postgres 1-1,text,true,,2689,0,1,1,null,565,0,0
1734126554573,554,1 - Transitive friends - step 3,200,OK,Postgres 1-1,text,true,,2689,0,1,1,null,553,0,0
1734126555128,566,1 - Transitive friends - step 3,200,OK,Postgres 1-1,text,true,,2689,0,1,1,null,565,0,0
1734126555695,217,1 - Transitive friends - step 3,200,OK,Postgres 1-1,text,true,,3317,0,1,1,null,216,0,0
1734126555912,209,1 - Transitive friends - step 3,200,OK,Postgres 1-1,text,true,,3317,0,1,1,null,209,0,0
1734126556122,219,1 - Transitive friends - step 3,200,OK,Postgres 1-1,text,true,,3317,0,1,1,null,218,0,0
1734126556341,210,1 - Transitive friends - step 3,200,OK,Postgres 1-1,text,true,,3317,0,1,1,null,209,0,0
1734126556551,145,1 - Transitive friends - step 3,200,OK,Postgres 1-1,text,true,,379,0,1,1,null,145,0,0
1734126556697,140,1 - Transitive friends - step 3,200,OK,Postgres 1-1,text,true,,379,0,1,1,null,140,0,0
1734126556837,142,1 - Transitive friends - step 3,200,OK,Postgres 1-1,text,true,,379,0,1,1,null,142,0,0
1734126556979,141,1 - Transitive friends - step 3,200,OK,Postgres 1-1,text,true,,379,0,1,1,null,141,0,0
1734126557120,56,1 - Transitive friends - step 3,200,OK,Postgres 1-1,text,true,,1963,0,1,1,null,55,0,0
1734126557176,58,1 - Transitive friends - step 3,200,OK,Postgres 1-1,text,true,,1963,0,1,1,null,58,0,0
1734126557234,52,1 - Transitive friends - step 3,200,OK,Postgres 1-1,text,true,,1963,0,1,1,null,52,0,0
1734126557286,51,1 - Transitive friends - step 3,200,OK,Postgres 1-1,text,true,,1963,0,1,1,null,50,0,0
1734126557338,398,4 - Friends and fof that have been to countries,200,OK,Postgres 1-1,text,true,,192,0,1,1,null,397,0,0
1734126557736,403,4 - Friends and fof that have been to countries,200,OK,Postgres 1-1,text,true,,192,0,1,1,null,402,0,0
1734126558139,377,4 - Friends and fof that have been to countries,200,OK,Postgres 1-1,text,true,,192,0,1,1,null,377,0,0
1734126558517,384,4 - Friends and fof that have been to countries,200,OK,Postgres 1-1,text,true,,192,0,1,1,null,383,0,0
1734126558901,382,4 - Friends and fof that have been to countries,200,OK,Postgres 1-1,text,true,,197,0,1,1,null,382,0,0
1734126559284,386,4 - Friends and fof that have been to countries,200,OK,Postgres 1-1,text,true,,197,0,1,1,null,386,0,0
1734126559670,370,4 - Friends and fof that have been to countries,200,OK,Postgres 1-1,text,true,,197,0,1,1,null,370,0,0
1734126560040,378,4 - Friends and fof that have been to countries,200,OK,Postgres 1-1,text,true,,197,0,1,1,null,378,0,0
1734126560418,360,4 - Friends and fof that have been to countries,200,OK,Postgres 1-1,text,true,,124,0,1,1,null,360,0,0
1734126560778,386,4 - Friends and fof that have been to countries,200,OK,Postgres 1-1,text,true,,124,0,1,1,null,386,0,0
1734126561164,353,4 - Friends and fof that have been to countries,200,OK,Postgres 1-1,text,true,,124,0,1,1,null,353,0,0
1734126561517,375,4 - Friends and fof that have been to countries,200,OK,Postgres 1-1,text,true,,124,0,1,1,null,375,0,0
1734126561892,405,4 - Friends and fof that have been to countries,200,OK,Postgres 1-1,text,true,,261,0,1,1,null,405,0,0
1734126562297,437,4 - Friends and fof that have been to countries,200,OK,Postgres 1-1,text,true,,261,0,1,1,null,437,0,0
1734126562734,417,4 - Friends and fof that have been to countries,200,OK,Postgres 1-1,text,true,,261,0,1,1,null,416,0,0
1734126563151,409,4 - Friends and fof that have been to countries,200,OK,Postgres 1-1,text,true,,261,0,1,1,null,409,0,0
1734126563561,362,5 - Shortest path,200,OK,Postgres 1-1,text,true,,50,0,1,1,null,362,0,0
1734126563923,339,5 - Shortest path,200,OK,Postgres 1-1,text,true,,50,0,1,1,null,339,0,0
1734126564263,339,5 - Shortest path,200,OK,Postgres 1-1,text,true,,50,0,1,1,null,339,0,0
1734126564603,350,5 - Shortest path,200,OK,Postgres 1-1,text,true,,50,0,1,1,null,350,0,0
1734126564954,344,5 - Shortest path,200,OK,Postgres 1-1,text,true,,78,0,1,1,null,344,0,0
1734126565299,356,5 - Shortest path,200,OK,Postgres 1-1,text,true,,78,0,1,1,null,356,0,0
1734126565655,342,5 - Shortest path,200,OK,Postgres 1-1,text,true,,78,0,1,1,null,341,0,0
1734126565997,340,5 - Shortest path,200,OK,Postgres 1-1,text,true,,78,0,1,1,null,340,0,0
1734126566337,345,5 - Shortest path,200,OK,Postgres 1-1,text,true,,54,0,1,1,null,345,0,0
1734126566682,334,5 - Shortest path,200,OK,Postgres 1-1,text,true,,54,0,1,1,null,334,0,0
1734126567017,335,5 - Shortest path,200,OK,Postgres 1-1,text,true,,54,0,1,1,null,334,0,0
1734126567352,345,5 - Shortest path,200,OK,Postgres 1-1,text,true,,54,0,1,1,null,345,0,0
1734126567697,343,5 - Shortest path,200,OK,Postgres 1-1,text,true,,70,0,1,1,null,343,0,0
1734126568040,341,5 - Shortest path,200,OK,Postgres 1-1,text,true,,70,0,1,1,null,341,0,0
1734126568382,347,5 - Shortest path,200,OK,Postgres 1-1,text,true,,70,0,1,1,null,347,0,0
1734126568729,346,5 - Shortest path,200,OK,Postgres 1-1,text,true,,70,0,1,1,null,346,0,0
1734126569076,365,6 - k Shortest paths,200,OK,Postgres 1-1,text,true,,150,0,1,1,null,365,0,0
1734126569441,369,6 - k Shortest paths,200,OK,Postgres 1-1,text,true,,150,0,1,1,null,369,0,0
1734126569810,353,6 - k Shortest paths,200,OK,Postgres 1-1,text,true,,150,0,1,1,null,353,0,0
1734126570165,362,6 - k Shortest paths,200,OK,Postgres 1-1,text,true,,150,0,1,1,null,362,0,0
1734126570527,437,6 - k Shortest paths,200,OK,Postgres 1-1,text,true,,225,0,1,1,null,437,0,0
1734126570964,416,6 - k Shortest paths,200,OK,Postgres 1-1,text,true,,225,0,1,1,null,416,0,0
1734126571380,429,6 - k Shortest paths,200,OK,Postgres 1-1,text,true,,225,0,1,1,null,428,0,0
1734126571809,448,6 - k Shortest paths,200,OK,Postgres 1-1,text,true,,225,0,1,1,null,448,0,0
1734126572257,362,6 - k Shortest paths,200,OK,Postgres 1-1,text,true,,151,0,1,1,null,362,0,0
1734126572620,371,6 - k Shortest paths,200,OK,Postgres 1-1,text,true,,151,0,1,1,null,371,0,0
1734126572992,358,6 - k Shortest paths,200,OK,Postgres 1-1,text,true,,151,0,1,1,null,357,0,0
1734126573350,359,6 - k Shortest paths,200,OK,Postgres 1-1,text,true,,151,0,1,1,null,359,0,0
1734126573710,371,6 - k Shortest paths,200,OK,Postgres 1-1,text,true,,202,0,1,1,null,371,0,0
1734126574081,372,6 - k Shortest paths,200,OK,Postgres 1-1,text,true,,202,0,1,1,null,372,0,0
1734126574454,432,6 - k Shortest paths,200,OK,Postgres 1-1,text,true,,202,0,1,1,null,432,0,0
1734126574886,435,6 - k Shortest paths,200,OK,Postgres 1-1,text,true,,202,0,1,1,null,435,0,0
1734126575322,3,7 - Forum of a message,200,OK,Postgres 1-1,text,true,,140,0,1,1,null,3,0,0
1734126575325,1,7 - Forum of a message,200,OK,Postgres 1-1,text,true,,140,0,1,1,null,1,0,0
1734126575326,0,7 - Forum of a message,200,OK,Postgres 1-1,text,true,,140,0,1,1,null,0,0,0
1734126575326,1,7 - Forum of a message,200,OK,Postgres 1-1,text,true,,140,0,1,1,null,1,0,0
1734126575327,0,7 - Forum of a message,200,OK,Postgres 1-1,text,true,,148,0,1,1,null,0,0,0
1734126575328,0,7 - Forum of a message,200,OK,Postgres 1-1,text,true,,148,0,1,1,null,0,0,0
1734126575328,0,7 - Forum of a message,200,OK,Postgres 1-1,text,true,,148,0,1,1,null,0,0,0
1734126575328,1,7 - Forum of a message,200,OK,Postgres 1-1,text,true,,148,0,1,1,null,1,0,0
1734126575329,0,7 - Forum of a message,200,OK,Postgres 1-1,text,true,,130,0,1,1,null,0,0,0
1734126575329,0,7 - Forum of a message,200,OK,Postgres 1-1,text,true,,130,0,1,1,null,0,0,0
1734126575329,0,7 - Forum of a message,200,OK,Postgres 1-1,text,true,,130,0,1,1,null,0,0,0
1734126575329,1,7 - Forum of a message,200,OK,Postgres 1-1,text,true,,130,0,1,1,null,1,0,0
1734126575330,0,7 - Forum of a message,200,OK,Postgres 1-1,text,true,,138,0,1,1,null,0,0,0
1734126575330,0,7 - Forum of a message,200,OK,Postgres 1-1,text,true,,138,0,1,1,null,0,0,0
1734126575330,1,7 - Forum of a message,200,OK,Postgres 1-1,text,true,,138,0,1,1,null,1,0,0
1734126575331,0,7 - Forum of a message,200,OK,Postgres 1-1,text,true,,138,0,1,1,null,0,0,0
1734126575331,282,8 - Recent messages by your friends,200,OK,Postgres 1-1,text,true,,1872,0,1,1,null,281,0,0
1734126575613,266,8 - Recent messages by your friends,200,OK,Postgres 1-1,text,true,,1872,0,1,1,null,266,0,0
1734126575879,247,8 - Recent messages by your friends,200,OK,Postgres 1-1,text,true,,1872,0,1,1,null,247,0,0
1734126576127,243,8 - Recent messages by your friends,200,OK,Postgres 1-1,text,true,,1872,0,1,1,null,243,0,0
1734126576370,176,8 - Recent messages by your friends,200,OK,Postgres 1-1,text,true,,3681,0,1,1,null,175,0,0
1734126576547,180,8 - Recent messages by your friends,200,OK,Postgres 1-1,text,true,,3681,0,1,1,null,179,0,0
1734126576727,187,8 - Recent messages by your friends,200,OK,Postgres 1-1,text,true,,3681,0,1,1,null,186,0,0
1734126576914,176,8 - Recent messages by your friends,200,OK,Postgres 1-1,text,true,,3681,0,1,1,null,175,0,0
1734126577090,187,8 - Recent messages by your friends,200,OK,Postgres 1-1,text,true,,2087,0,1,1,null,186,0,0
1734126577277,187,8 - Recent messages by your friends,200,OK,Postgres 1-1,text,true,,2087,0,1,1,null,186,0,0
1734126577464,187,8 - Recent messages by your friends,200,OK,Postgres 1-1,text,true,,2087,0,1,1,null,186,0,0
1734126577651,189,8 - Recent messages by your friends,200,OK,Postgres 1-1,text,true,,2087,0,1,1,null,188,0,0
1734126577840,255,8 - Recent messages by your friends,200,OK,Postgres 1-1,text,true,,2103,0,1,1,null,255,0,0
1734126578095,270,8 - Recent messages by your friends,200,OK,Postgres 1-1,text,true,,2103,0,1,1,null,270,0,0
1734126578365,254,8 - Recent messages by your friends,200,OK,Postgres 1-1,text,true,,2103,0,1,1,null,254,0,0
1734126578620,251,8 - Recent messages by your friends,200,OK,Postgres 1-1,text,true,,2103,0,1,1,null,251,0,0
1734126578872,1328,9 - Friend recommendation,200,OK,Postgres 1-1,text,true,,551,0,1,1,null,1328,0,0
1734126580200,1135,9 - Friend recommendation,200,OK,Postgres 1-1,text,true,,551,0,1,1,null,1135,0,0
1734126581335,1121,9 - Friend recommendation,200,OK,Postgres 1-1,text,true,,551,0,1,1,null,1121,0,0
1734126582457,1125,9 - Friend recommendation,200,OK,Postgres 1-1,text,true,,551,0,1,1,null,1125,0,0
1734126583582,1075,9 - Friend recommendation,200,OK,Postgres 1-1,text,true,,495,0,1,1,null,1075,0,0
1734126584657,1058,9 - Friend recommendation,200,OK,Postgres 1-1,text,true,,495,0,1,1,null,1058,0,0
1734126585716,1045,9 - Friend recommendation,200,OK,Postgres 1-1,text,true,,495,0,1,1,null,1045,0,0
1734126586761,1063,9 - Friend recommendation,200,OK,Postgres 1-1,text,true,,495,0,1,1,null,1063,0,0
1734126587824,1113,9 - Friend recommendation,200,OK,Postgres 1-1,text,true,,529,0,1,1,null,1113,0,0
1734126588937,1075,9 - Friend recommendation,200,OK,Postgres 1-1,text,true,,529,0,1,1,null,1075,0,0
1734126590013,1064,9 - Friend recommendation,200,OK,Postgres 1-1,text,true,,529,0,1,1,null,1064,0,0
1734126591078,1062,9 - Friend recommendation,200,OK,Postgres 1-1,text,true,,529,0,1,1,null,1062,0,0
1734126592140,1547,9 - Friend recommendation,200,OK,Postgres 1-1,text,true,,489,0,1,1,null,1547,0,0
1734126593687,1292,9 - Friend recommendation,200,OK,Postgres 1-1,text,true,,489,0,1,1,null,1292,0,0
1734126594979,1305,9 - Friend recommendation,200,OK,Postgres 1-1,text,true,,489,0,1,1,null,1305,0,0
1734126596284,1300,9 - Friend recommendation,200,OK,Postgres 1-1,text,true,,489,0,1,1,null,1299,0,0
1734126597585,113,10 - Replies of a message,200,OK,Postgres 1-1,text,true,,804,0,1,1,null,113,0,0
1734126597699,115,10 - Replies of a message,200,OK,Postgres 1-1,text,true,,804,0,1,1,null,114,0,0
1734126597814,99,10 - Replies of a message,200,OK,Postgres 1-1,text,true,,804,0,1,1,null,99,0,0
1734126597913,92,10 - Replies of a message,200,OK,Postgres 1-1,text,true,,804,0,1,1,null,92,0,0
1734126598005,94,10 - Replies of a message,200,OK,Postgres 1-1,text,true,,745,0,1,1,null,94,0,0
1734126598099,99,10 - Replies of a message,200,OK,Postgres 1-1,text,true,,745,0,1,1,null,99,0,0
1734126598198,94,10 - Replies of a message,200,OK,Postgres 1-1,text,true,,745,0,1,1,null,94,0,0
1734126598292,94,10 - Replies of a message,200,OK,Postgres 1-1,text,true,,745,0,1,1,null,94,0,0
1734126598386,93,10 - Replies of a message,200,OK,Postgres 1-1,text,true,,977,0,1,1,null,93,0,0
1734126598480,95,10 - Replies of a message,200,OK,Postgres 1-1,text,true,,977,0,1,1,null,95,0,0
1734126598576,89,10 - Replies of a message,200,OK,Postgres 1-1,text,true,,977,0,1,1,null,89,0,0
1734126598665,93,10 - Replies of a message,200,OK,Postgres 1-1,text,true,,977,0,1,1,null,93,0,0
1734126598759,89,10 - Replies of a message,200,OK,Postgres 1-1,text,true,,426,0,1,1,null,89,0,0
1734126598848,94,10 - Replies of a message,200,OK,Postgres 1-1,text,true,,426,0,1,1,null,94,0,1
1734126598942,94,10 - Replies of a message,200,OK,Postgres 1-1,text,true,,426,0,1,1,null,93,0,0
1734126599038,88,10 - Replies of a message,200,OK,Postgres 1-1,text,true,,426,0,1,1,null,88,0,0
