timeStamp,elapsed,label,responseCode,responseMessage,threadName,dataType,success,failureMessage,bytes,sentBytes,grpThreads,allThreads,URL,Latency,IdleTime,Connect
1734128163550,507,1 - Transitive friends - step 3,200,OK,Postgres 1-1,text,true,,2689,0,1,1,null,504,0,0
1734128164059,487,1 - Transitive friends - step 3,200,OK,Postgres 1-1,text,true,,2689,0,1,1,null,486,0,0
1734128164547,487,1 - Transitive friends - step 3,200,OK,Postgres 1-1,text,true,,2689,0,1,1,null,486,0,0
1734128165034,485,1 - Transitive friends - step 3,200,OK,Postgres 1-1,text,true,,2689,0,1,1,null,484,0,0
1734128165519,201,1 - Transitive friends - step 3,200,OK,Postgres 1-1,text,true,,3317,0,1,1,null,200,0,0
1734128165720,179,1 - Transitive friends - step 3,200,OK,Postgres 1-1,text,true,,3317,0,1,1,null,178,0,0
1734128165900,177,1 - Transitive friends - step 3,200,OK,Postgres 1-1,text,true,,3317,0,1,1,null,177,0,0
1734128166078,176,1 - Transitive friends - step 3,200,OK,Postgres 1-1,text,true,,3317,0,1,1,null,175,0,0
1734128166254,143,1 - Transitive friends - step 3,200,OK,Postgres 1-1,text,true,,379,0,1,1,null,142,0,0
1734128166397,143,1 - Transitive friends - step 3,200,OK,Postgres 1-1,text,true,,379,0,1,1,null,143,0,0
1734128166541,146,1 - Transitive friends - step 3,200,OK,Postgres 1-1,text,true,,379,0,1,1,null,146,0,0
1734128166687,140,1 - Transitive friends - step 3,200,OK,Postgres 1-1,text,true,,379,0,1,1,null,140,0,0
1734128166828,56,1 - Transitive friends - step 3,200,OK,Postgres 1-1,text,true,,1963,0,1,1,null,56,0,0
1734128166884,52,1 - Transitive friends - step 3,200,OK,Postgres 1-1,text,true,,1963,0,1,1,null,52,0,0
1734128166936,51,1 - Transitive friends - step 3,200,OK,Postgres 1-1,text,true,,1963,0,1,1,null,51,0,0
1734128166988,51,1 - Transitive friends - step 3,200,OK,Postgres 1-1,text,true,,1963,0,1,1,null,51,0,0
1734128167040,570,4 - Friends and fof that have been to countries,200,OK,Postgres 1-1,text,true,,192,0,1,1,null,570,0,0
1734128167610,502,4 - Friends and fof that have been to countries,200,OK,Postgres 1-1,text,true,,192,0,1,1,null,502,0,0
1734128168112,463,4 - Friends and fof that have been to countries,200,OK,Postgres 1-1,text,true,,192,0,1,1,null,463,0,0
1734128168575,467,4 - Friends and fof that have been to countries,200,OK,Postgres 1-1,text,true,,192,0,1,1,null,467,0,1
1734128169042,467,4 - Friends and fof that have been to countries,200,OK,Postgres 1-1,text,true,,197,0,1,1,null,467,0,0
1734128169509,456,4 - Friends and fof that have been to countries,200,OK,Postgres 1-1,text,true,,197,0,1,1,null,456,0,0
1734128169965,463,4 - Friends and fof that have been to countries,200,OK,Postgres 1-1,text,true,,197,0,1,1,null,463,0,0
1734128170428,460,4 - Friends and fof that have been to countries,200,OK,Postgres 1-1,text,true,,197,0,1,1,null,460,0,0
1734128170888,437,4 - Friends and fof that have been to countries,200,OK,Postgres 1-1,text,true,,124,0,1,1,null,436,0,0
1734128171325,459,4 - Friends and fof that have been to countries,200,OK,Postgres 1-1,text,true,,124,0,1,1,null,458,0,0
1734128171784,439,4 - Friends and fof that have been to countries,200,OK,Postgres 1-1,text,true,,124,0,1,1,null,439,0,0
1734128172223,441,4 - Friends and fof that have been to countries,200,OK,Postgres 1-1,text,true,,124,0,1,1,null,441,0,0
1734128172664,512,4 - Friends and fof that have been to countries,200,OK,Postgres 1-1,text,true,,261,0,1,1,null,511,0,0
1734128173176,494,4 - Friends and fof that have been to countries,200,OK,Postgres 1-1,text,true,,261,0,1,1,null,494,0,0
1734128173670,480,4 - Friends and fof that have been to countries,200,OK,Postgres 1-1,text,true,,261,0,1,1,null,479,0,0
1734128174150,490,4 - Friends and fof that have been to countries,200,OK,Postgres 1-1,text,true,,261,0,1,1,null,490,0,0
1734128174641,363,5 - Shortest path,200,OK,Postgres 1-1,text,true,,50,0,1,1,null,363,0,0
1734128175004,336,5 - Shortest path,200,OK,Postgres 1-1,text,true,,50,0,1,1,null,335,0,0
1734128175340,343,5 - Shortest path,200,OK,Postgres 1-1,text,true,,50,0,1,1,null,343,0,0
1734128175683,342,5 - Shortest path,200,OK,Postgres 1-1,text,true,,50,0,1,1,null,342,0,0
1734128176026,338,5 - Shortest path,200,OK,Postgres 1-1,text,true,,78,0,1,1,null,338,0,0
1734128176364,353,5 - Shortest path,200,OK,Postgres 1-1,text,true,,78,0,1,1,null,353,0,0
1734128176717,343,5 - Shortest path,200,OK,Postgres 1-1,text,true,,78,0,1,1,null,342,0,0
1734128177060,337,5 - Shortest path,200,OK,Postgres 1-1,text,true,,78,0,1,1,null,337,0,0
1734128177398,340,5 - Shortest path,200,OK,Postgres 1-1,text,true,,54,0,1,1,null,339,0,0
1734128177738,337,5 - Shortest path,200,OK,Postgres 1-1,text,true,,54,0,1,1,null,337,0,0
1734128178075,338,5 - Shortest path,200,OK,Postgres 1-1,text,true,,54,0,1,1,null,338,0,0
1734128178413,343,5 - Shortest path,200,OK,Postgres 1-1,text,true,,54,0,1,1,null,343,0,0
1734128178756,342,5 - Shortest path,200,OK,Postgres 1-1,text,true,,70,0,1,1,null,342,0,0
1734128179098,349,5 - Shortest path,200,OK,Postgres 1-1,text,true,,70,0,1,1,null,349,0,0
1734128179448,355,5 - Shortest path,200,OK,Postgres 1-1,text,true,,70,0,1,1,null,355,0,0
1734128179803,340,5 - Shortest path,200,OK,Postgres 1-1,text,true,,70,0,1,1,null,340,0,0
1734128180145,368,6 - k Shortest paths,200,OK,Postgres 1-1,text,true,,150,0,1,1,null,368,0,0
1734128180513,378,6 - k Shortest paths,200,OK,Postgres 1-1,text,true,,150,0,1,1,null,377,0,0
1734128180891,352,6 - k Shortest paths,200,OK,Postgres 1-1,text,true,,150,0,1,1,null,352,0,0
1734128181244,380,6 - k Shortest paths,200,OK,Postgres 1-1,text,true,,150,0,1,1,null,380,0,0
1734128181625,433,6 - k Shortest paths,200,OK,Postgres 1-1,text,true,,225,0,1,1,null,433,0,0
1734128182058,423,6 - k Shortest paths,200,OK,Postgres 1-1,text,true,,225,0,1,1,null,423,0,0
1734128182482,427,6 - k Shortest paths,200,OK,Postgres 1-1,text,true,,225,0,1,1,null,427,0,0
1734128182910,441,6 - k Shortest paths,200,OK,Postgres 1-1,text,true,,225,0,1,1,null,441,0,0
1734128183352,360,6 - k Shortest paths,200,OK,Postgres 1-1,text,true,,151,0,1,1,null,359,0,0
1734128183712,351,6 - k Shortest paths,200,OK,Postgres 1-1,text,true,,151,0,1,1,null,351,0,0
1734128184063,365,6 - k Shortest paths,200,OK,Postgres 1-1,text,true,,151,0,1,1,null,365,0,0
1734128184428,358,6 - k Shortest paths,200,OK,Postgres 1-1,text,true,,151,0,1,1,null,357,0,0
1734128184786,371,6 - k Shortest paths,200,OK,Postgres 1-1,text,true,,202,0,1,1,null,371,0,0
1734128185157,372,6 - k Shortest paths,200,OK,Postgres 1-1,text,true,,202,0,1,1,null,372,0,0
1734128185529,388,6 - k Shortest paths,200,OK,Postgres 1-1,text,true,,202,0,1,1,null,388,0,0
1734128185917,380,6 - k Shortest paths,200,OK,Postgres 1-1,text,true,,202,0,1,1,null,379,0,0
1734128186298,3,7 - Forum of a message,200,OK,Postgres 1-1,text,true,,140,0,1,1,null,3,0,0
1734128186301,0,7 - Forum of a message,200,OK,Postgres 1-1,text,true,,140,0,1,1,null,0,0,0
1734128186301,1,7 - Forum of a message,200,OK,Postgres 1-1,text,true,,140,0,1,1,null,1,0,0
1734128186302,0,7 - Forum of a message,200,OK,Postgres 1-1,text,true,,140,0,1,1,null,0,0,0
1734128186302,1,7 - Forum of a message,200,OK,Postgres 1-1,text,true,,148,0,1,1,null,1,0,0
1734128186303,0,7 - Forum of a message,200,OK,Postgres 1-1,text,true,,148,0,1,1,null,0,0,0
1734128186303,1,7 - Forum of a message,200,OK,Postgres 1-1,text,true,,148,0,1,1,null,1,0,0
1734128186304,0,7 - Forum of a message,200,OK,Postgres 1-1,text,true,,148,0,1,1,null,0,0,0
1734128186304,0,7 - Forum of a message,200,OK,Postgres 1-1,text,true,,130,0,1,1,null,0,0,0
1734128186304,1,7 - Forum of a message,200,OK,Postgres 1-1,text,true,,130,0,1,1,null,1,0,0
1734128186305,0,7 - Forum of a message,200,OK,Postgres 1-1,text,true,,130,0,1,1,null,0,0,0
1734128186305,0,7 - Forum of a message,200,OK,Postgres 1-1,text,true,,130,0,1,1,null,0,0,0
1734128186305,1,7 - Forum of a message,200,OK,Postgres 1-1,text,true,,138,0,1,1,null,1,0,0
1734128186306,0,7 - Forum of a message,200,OK,Postgres 1-1,text,true,,138,0,1,1,null,0,0,0
1734128186306,0,7 - Forum of a message,200,OK,Postgres 1-1,text,true,,138,0,1,1,null,0,0,0
1734128186306,0,7 - Forum of a message,200,OK,Postgres 1-1,text,true,,138,0,1,1,null,0,0,0
1734128186307,306,8 - Recent messages by your friends,200,OK,Postgres 1-1,text,true,,1872,0,1,1,null,306,0,0
1734128186613,298,8 - Recent messages by your friends,200,OK,Postgres 1-1,text,true,,1872,0,1,1,null,298,0,1
1734128186912,300,8 - Recent messages by your friends,200,OK,Postgres 1-1,text,true,,1872,0,1,1,null,300,0,0
1734128187212,297,8 - Recent messages by your friends,200,OK,Postgres 1-1,text,true,,1872,0,1,1,null,297,0,0
1734128187510,254,8 - Recent messages by your friends,200,OK,Postgres 1-1,text,true,,3681,0,1,1,null,253,0,0
1734128187765,232,8 - Recent messages by your friends,200,OK,Postgres 1-1,text,true,,3681,0,1,1,null,231,0,0
1734128187997,248,8 - Recent messages by your friends,200,OK,Postgres 1-1,text,true,,3681,0,1,1,null,248,0,0
1734128188245,226,8 - Recent messages by your friends,200,OK,Postgres 1-1,text,true,,3681,0,1,1,null,226,0,0
1734128188472,238,8 - Recent messages by your friends,200,OK,Postgres 1-1,text,true,,2087,0,1,1,null,237,0,0
1734128188710,229,8 - Recent messages by your friends,200,OK,Postgres 1-1,text,true,,2087,0,1,1,null,229,0,0
1734128188939,231,8 - Recent messages by your friends,200,OK,Postgres 1-1,text,true,,2087,0,1,1,null,231,0,0
1734128189171,246,8 - Recent messages by your friends,200,OK,Postgres 1-1,text,true,,2087,0,1,1,null,245,0,0
1734128189417,314,8 - Recent messages by your friends,200,OK,Postgres 1-1,text,true,,2103,0,1,1,null,314,0,0
1734128189731,308,8 - Recent messages by your friends,200,OK,Postgres 1-1,text,true,,2103,0,1,1,null,308,0,0
1734128190040,352,8 - Recent messages by your friends,200,OK,Postgres 1-1,text,true,,2103,0,1,1,null,352,0,1
1734128190393,315,8 - Recent messages by your friends,200,OK,Postgres 1-1,text,true,,2103,0,1,1,null,315,0,0
1734128190709,1281,9 - Friend recommendation,200,OK,Postgres 1-1,text,true,,551,0,1,1,null,1281,0,0
1734128191990,1081,9 - Friend recommendation,200,OK,Postgres 1-1,text,true,,551,0,1,1,null,1081,0,0
1734128193072,1076,9 - Friend recommendation,200,OK,Postgres 1-1,text,true,,551,0,1,1,null,1076,0,0
1734128194148,1072,9 - Friend recommendation,200,OK,Postgres 1-1,text,true,,551,0,1,1,null,1072,0,0
1734128195220,1032,9 - Friend recommendation,200,OK,Postgres 1-1,text,true,,495,0,1,1,null,1032,0,0
1734128196252,1013,9 - Friend recommendation,200,OK,Postgres 1-1,text,true,,495,0,1,1,null,1013,0,0
1734128197265,1018,9 - Friend recommendation,200,OK,Postgres 1-1,text,true,,495,0,1,1,null,1018,0,0
1734128198284,1000,9 - Friend recommendation,200,OK,Postgres 1-1,text,true,,495,0,1,1,null,1000,0,0
1734128199284,1039,9 - Friend recommendation,200,OK,Postgres 1-1,text,true,,529,0,1,1,null,1039,0,0
1734128200323,1013,9 - Friend recommendation,200,OK,Postgres 1-1,text,true,,529,0,1,1,null,1013,0,0
1734128201337,1005,9 - Friend recommendation,200,OK,Postgres 1-1,text,true,,529,0,1,1,null,1005,0,0
1734128202342,991,9 - Friend recommendation,200,OK,Postgres 1-1,text,true,,529,0,1,1,null,991,0,0
1734128203333,1268,9 - Friend recommendation,200,OK,Postgres 1-1,text,true,,489,0,1,1,null,1268,0,0
1734128204602,1213,9 - Friend recommendation,200,OK,Postgres 1-1,text,true,,489,0,1,1,null,1212,0,0
1734128205815,1219,9 - Friend recommendation,200,OK,Postgres 1-1,text,true,,489,0,1,1,null,1219,0,0
1734128207034,1226,9 - Friend recommendation,200,OK,Postgres 1-1,text,true,,489,0,1,1,null,1226,0,0
1734128208261,115,10 - Replies of a message,200,OK,Postgres 1-1,text,true,,804,0,1,1,null,114,0,0
1734128208376,101,10 - Replies of a message,200,OK,Postgres 1-1,text,true,,804,0,1,1,null,101,0,0
1734128208478,99,10 - Replies of a message,200,OK,Postgres 1-1,text,true,,804,0,1,1,null,99,0,0
1734128208577,94,10 - Replies of a message,200,OK,Postgres 1-1,text,true,,804,0,1,1,null,94,0,1
1734128208671,90,10 - Replies of a message,200,OK,Postgres 1-1,text,true,,745,0,1,1,null,90,0,0
1734128208761,93,10 - Replies of a message,200,OK,Postgres 1-1,text,true,,745,0,1,1,null,93,0,0
1734128208854,93,10 - Replies of a message,200,OK,Postgres 1-1,text,true,,745,0,1,1,null,93,0,1
1734128208947,90,10 - Replies of a message,200,OK,Postgres 1-1,text,true,,745,0,1,1,null,90,0,0
1734128209038,99,10 - Replies of a message,200,OK,Postgres 1-1,text,true,,977,0,1,1,null,98,0,0
1734128209137,91,10 - Replies of a message,200,OK,Postgres 1-1,text,true,,977,0,1,1,null,91,0,0
1734128209228,87,10 - Replies of a message,200,OK,Postgres 1-1,text,true,,977,0,1,1,null,87,0,0
1734128209315,90,10 - Replies of a message,200,OK,Postgres 1-1,text,true,,977,0,1,1,null,90,0,1
1734128209406,90,10 - Replies of a message,200,OK,Postgres 1-1,text,true,,426,0,1,1,null,89,0,0
1734128209496,97,10 - Replies of a message,200,OK,Postgres 1-1,text,true,,426,0,1,1,null,97,0,0
1734128209594,91,10 - Replies of a message,200,OK,Postgres 1-1,text,true,,426,0,1,1,null,90,0,0
1734128209687,90,10 - Replies of a message,200,OK,Postgres 1-1,text,true,,426,0,1,1,null,89,0,0
