timeStamp,elapsed,label,responseCode,responseMessage,threadName,dataType,success,failureMessage,bytes,sentBytes,grpThreads,allThreads,URL,Latency,IdleTime,Connect
1734065536482,552,1 - Transitive friends - step 3,200,OK,Postgres 1-1,text,true,,3019,0,1,1,null,548,0,0
1734065537044,470,1 - Transitive friends - step 3,200,OK,Postgres 1-1,text,true,,3019,0,1,1,null,469,0,0
1734065537514,474,1 - Transitive friends - step 3,200,OK,Postgres 1-1,text,true,,3019,0,1,1,null,473,0,0
1734065537988,469,1 - Transitive friends - step 3,200,OK,Postgres 1-1,text,true,,3019,0,1,1,null,467,0,0
1734065538457,281,1 - Transitive friends - step 3,200,OK,Postgres 1-1,text,true,,3267,0,1,1,null,280,0,0
1734065538738,261,1 - Transitive friends - step 3,200,OK,Postgres 1-1,text,true,,3267,0,1,1,null,260,0,0
1734065538999,260,1 - Transitive friends - step 3,200,OK,Postgres 1-1,text,true,,3267,0,1,1,null,259,0,0
1734065539259,257,1 - Transitive friends - step 3,200,OK,Postgres 1-1,text,true,,3267,0,1,1,null,257,0,0
1734065539517,91,1 - Transitive friends - step 3,200,OK,Postgres 1-1,text,true,,3372,0,1,1,null,89,0,0
1734065539608,83,1 - Transitive friends - step 3,200,OK,Postgres 1-1,text,true,,3372,0,1,1,null,82,0,0
1734065539691,83,1 - Transitive friends - step 3,200,OK,Postgres 1-1,text,true,,3372,0,1,1,null,82,0,0
1734065539774,83,1 - Transitive friends - step 3,200,OK,Postgres 1-1,text,true,,3372,0,1,1,null,82,0,0
1734065539857,96,1 - Transitive friends - step 3,200,OK,Postgres 1-1,text,true,,3199,0,1,1,null,95,0,0
1734065539953,92,1 - Transitive friends - step 3,200,OK,Postgres 1-1,text,true,,3199,0,1,1,null,91,0,0
1734065540045,92,1 - Transitive friends - step 3,200,OK,Postgres 1-1,text,true,,3199,0,1,1,null,91,0,0
1734065540137,91,1 - Transitive friends - step 3,200,OK,Postgres 1-1,text,true,,3199,0,1,1,null,91,0,0
1734065540229,12925,2 - Transitive friends - step 4,200,OK,Postgres 1-1,text,true,,3019,0,1,1,null,12925,0,0
1734065553156,13526,2 - Transitive friends - step 4,200,OK,Postgres 1-1,text,true,,3019,0,1,1,null,13526,0,0
1734065566681,13002,2 - Transitive friends - step 4,200,OK,Postgres 1-1,text,true,,3019,0,1,1,null,13002,0,1
1734065579684,13027,2 - Transitive friends - step 4,200,OK,Postgres 1-1,text,true,,3019,0,1,1,null,13027,0,0
1734065592711,6385,2 - Transitive friends - step 4,200,OK,Postgres 1-1,text,true,,3267,0,1,1,null,6384,0,0
1734065599096,6178,2 - Transitive friends - step 4,200,OK,Postgres 1-1,text,true,,3267,0,1,1,null,6177,0,0
1734065605274,6124,2 - Transitive friends - step 4,200,OK,Postgres 1-1,text,true,,3267,0,1,1,null,6124,0,0
1734065611400,6189,2 - Transitive friends - step 4,200,OK,Postgres 1-1,text,true,,3267,0,1,1,null,6188,0,0
1734065617590,1600,2 - Transitive friends - step 4,200,OK,Postgres 1-1,text,true,,3372,0,1,1,null,1600,0,0
1734065619191,1580,2 - Transitive friends - step 4,200,OK,Postgres 1-1,text,true,,3372,0,1,1,null,1580,0,0
1734065620772,1573,2 - Transitive friends - step 4,200,OK,Postgres 1-1,text,true,,3372,0,1,1,null,1572,0,0
1734065622345,1551,2 - Transitive friends - step 4,200,OK,Postgres 1-1,text,true,,3372,0,1,1,null,1551,0,0
1734065623896,2551,2 - Transitive friends - step 4,200,OK,Postgres 1-1,text,true,,3199,0,1,1,null,2550,0,0
1734065626447,2536,2 - Transitive friends - step 4,200,OK,Postgres 1-1,text,true,,3199,0,1,1,null,2536,0,0
1734065628983,2580,2 - Transitive friends - step 4,200,OK,Postgres 1-1,text,true,,3199,0,1,1,null,2580,0,0
1734065631564,2504,2 - Transitive friends - step 4,200,OK,Postgres 1-1,text,true,,3199,0,1,1,null,2504,0,0
1734065634069,317150,3 - Transitive friends - step 5,200,OK,Postgres 1-1,text,true,,3019,0,1,1,null,317150,0,0
1734065951220,287030,3 - Transitive friends - step 5,200,OK,Postgres 1-1,text,true,,3019,0,1,1,null,287030,0,0
1734066238250,305862,3 - Transitive friends - step 5,200,OK,Postgres 1-1,text,true,,3019,0,1,1,null,305861,0,0
1734066544113,348253,3 - Transitive friends - step 5,200,OK,Postgres 1-1,text,true,,3019,0,1,1,null,348252,0,0
1734066892367,113176,3 - Transitive friends - step 5,200,OK,Postgres 1-1,text,true,,3267,0,1,1,null,113176,0,0
1734067005542,113157,3 - Transitive friends - step 5,200,OK,Postgres 1-1,text,true,,3267,0,1,1,null,113157,0,0
1734067118699,113529,3 - Transitive friends - step 5,200,OK,Postgres 1-1,text,true,,3267,0,1,1,null,113529,0,0
1734067232230,113604,3 - Transitive friends - step 5,200,OK,Postgres 1-1,text,true,,3267,0,1,1,null,113604,0,0
1734067345834,26829,3 - Transitive friends - step 5,200,OK,Postgres 1-1,text,true,,3372,0,1,1,null,26829,0,0
1734067372663,25048,3 - Transitive friends - step 5,200,OK,Postgres 1-1,text,true,,3372,0,1,1,null,25047,0,0
1734067397712,24973,3 - Transitive friends - step 5,200,OK,Postgres 1-1,text,true,,3372,0,1,1,null,24973,0,0
1734067422685,25634,3 - Transitive friends - step 5,200,OK,Postgres 1-1,text,true,,3372,0,1,1,null,25633,0,1
1734067448318,50794,3 - Transitive friends - step 5,200,OK,Postgres 1-1,text,true,,3199,0,1,1,null,50794,0,0
1734067499112,51927,3 - Transitive friends - step 5,200,OK,Postgres 1-1,text,true,,3199,0,1,1,null,51927,0,0
1734067551039,51294,3 - Transitive friends - step 5,200,OK,Postgres 1-1,text,true,,3199,0,1,1,null,51293,0,0
1734067602334,51636,3 - Transitive friends - step 5,200,OK,Postgres 1-1,text,true,,3199,0,1,1,null,51636,0,0
1734067653982,1040,4 - Friends and fof that have been to countries,200,OK,Postgres 1-1,text,true,,127,0,1,1,null,1040,0,0
1734067655022,317,4 - Friends and fof that have been to countries,200,OK,Postgres 1-1,text,true,,127,0,1,1,null,317,0,0
1734067655339,300,4 - Friends and fof that have been to countries,200,OK,Postgres 1-1,text,true,,127,0,1,1,null,300,0,0
1734067655639,330,4 - Friends and fof that have been to countries,200,OK,Postgres 1-1,text,true,,127,0,1,1,null,330,0,0
1734067655969,341,4 - Friends and fof that have been to countries,200,OK,Postgres 1-1,text,true,,160,0,1,1,null,341,0,0
1734067656310,370,4 - Friends and fof that have been to countries,200,OK,Postgres 1-1,text,true,,160,0,1,1,null,370,0,0
1734067656681,332,4 - Friends and fof that have been to countries,200,OK,Postgres 1-1,text,true,,160,0,1,1,null,332,0,0
1734067657013,343,4 - Friends and fof that have been to countries,200,OK,Postgres 1-1,text,true,,160,0,1,1,null,343,0,0
1734067657356,350,4 - Friends and fof that have been to countries,200,OK,Postgres 1-1,text,true,,229,0,1,1,null,350,0,0
1734067657706,348,4 - Friends and fof that have been to countries,200,OK,Postgres 1-1,text,true,,229,0,1,1,null,347,0,0
1734067658054,373,4 - Friends and fof that have been to countries,200,OK,Postgres 1-1,text,true,,229,0,1,1,null,373,0,0
1734067658428,337,4 - Friends and fof that have been to countries,200,OK,Postgres 1-1,text,true,,229,0,1,1,null,336,0,0
1734067658765,344,4 - Friends and fof that have been to countries,200,OK,Postgres 1-1,text,true,,155,0,1,1,null,344,0,0
1734067659110,325,4 - Friends and fof that have been to countries,200,OK,Postgres 1-1,text,true,,155,0,1,1,null,325,0,0
1734067659435,353,4 - Friends and fof that have been to countries,200,OK,Postgres 1-1,text,true,,155,0,1,1,null,353,0,0
1734067659788,329,4 - Friends and fof that have been to countries,200,OK,Postgres 1-1,text,true,,155,0,1,1,null,329,0,0
1734067660128,207,5 - Shortest path,200,OK,Postgres 1-1,text,true,,62,0,1,1,null,207,0,0
1734067660335,142,5 - Shortest path,200,OK,Postgres 1-1,text,true,,62,0,1,1,null,142,0,0
1734067660477,144,5 - Shortest path,200,OK,Postgres 1-1,text,true,,62,0,1,1,null,143,0,0
1734067660621,141,5 - Shortest path,200,OK,Postgres 1-1,text,true,,62,0,1,1,null,141,0,0
1734067660762,141,5 - Shortest path,200,OK,Postgres 1-1,text,true,,70,0,1,1,null,141,0,0
1734067660903,140,5 - Shortest path,200,OK,Postgres 1-1,text,true,,70,0,1,1,null,140,0,0
1734067661043,140,5 - Shortest path,200,OK,Postgres 1-1,text,true,,70,0,1,1,null,140,0,0
1734067661183,141,5 - Shortest path,200,OK,Postgres 1-1,text,true,,70,0,1,1,null,141,0,0
1734067661325,140,5 - Shortest path,200,OK,Postgres 1-1,text,true,,59,0,1,1,null,140,0,0
1734067661465,142,5 - Shortest path,200,OK,Postgres 1-1,text,true,,59,0,1,1,null,142,0,1
1734067661607,140,5 - Shortest path,200,OK,Postgres 1-1,text,true,,59,0,1,1,null,140,0,0
1734067661747,142,5 - Shortest path,200,OK,Postgres 1-1,text,true,,59,0,1,1,null,141,0,0
1734067661889,139,5 - Shortest path,200,OK,Postgres 1-1,text,true,,61,0,1,1,null,139,0,0
1734067662028,139,5 - Shortest path,200,OK,Postgres 1-1,text,true,,61,0,1,1,null,139,0,0
1734067662168,140,5 - Shortest path,200,OK,Postgres 1-1,text,true,,61,0,1,1,null,140,0,0
1734067662308,140,5 - Shortest path,200,OK,Postgres 1-1,text,true,,61,0,1,1,null,140,0,0
1734067662449,167,6 - k Shortest paths,200,OK,Postgres 1-1,text,true,,177,0,1,1,null,167,0,0
1734067662617,164,6 - k Shortest paths,200,OK,Postgres 1-1,text,true,,177,0,1,1,null,164,0,0
1734067662781,163,6 - k Shortest paths,200,OK,Postgres 1-1,text,true,,177,0,1,1,null,162,0,0
1734067662944,163,6 - k Shortest paths,200,OK,Postgres 1-1,text,true,,177,0,1,1,null,163,0,0
1734067663107,170,6 - k Shortest paths,200,OK,Postgres 1-1,text,true,,204,0,1,1,null,170,0,0
1734067663277,163,6 - k Shortest paths,200,OK,Postgres 1-1,text,true,,204,0,1,1,null,163,0,0
1734067663440,161,6 - k Shortest paths,200,OK,Postgres 1-1,text,true,,204,0,1,1,null,161,0,0
1734067663601,165,6 - k Shortest paths,200,OK,Postgres 1-1,text,true,,204,0,1,1,null,165,0,0
1734067663766,157,6 - k Shortest paths,200,OK,Postgres 1-1,text,true,,167,0,1,1,null,157,0,1
1734067663923,159,6 - k Shortest paths,200,OK,Postgres 1-1,text,true,,167,0,1,1,null,159,0,0
1734067664082,161,6 - k Shortest paths,200,OK,Postgres 1-1,text,true,,167,0,1,1,null,161,0,0
1734067664243,162,6 - k Shortest paths,200,OK,Postgres 1-1,text,true,,167,0,1,1,null,162,0,0
1734067664405,152,6 - k Shortest paths,200,OK,Postgres 1-1,text,true,,175,0,1,1,null,152,0,0
1734067664557,153,6 - k Shortest paths,200,OK,Postgres 1-1,text,true,,175,0,1,1,null,153,0,0
1734067664710,154,6 - k Shortest paths,200,OK,Postgres 1-1,text,true,,175,0,1,1,null,154,0,0
1734067664864,158,6 - k Shortest paths,200,OK,Postgres 1-1,text,true,,175,0,1,1,null,158,0,0
1734067665033,13,7 - Forum of a message,200,OK,Postgres 1-1,text,true,,134,0,1,1,null,13,0,0
1734067665046,1,7 - Forum of a message,200,OK,Postgres 1-1,text,true,,134,0,1,1,null,1,0,0
1734067665047,1,7 - Forum of a message,200,OK,Postgres 1-1,text,true,,134,0,1,1,null,1,0,0
1734067665048,0,7 - Forum of a message,200,OK,Postgres 1-1,text,true,,134,0,1,1,null,0,0,0
1734067665048,4,7 - Forum of a message,200,OK,Postgres 1-1,text,true,,155,0,1,1,null,4,0,0
1734067665052,1,7 - Forum of a message,200,OK,Postgres 1-1,text,true,,155,0,1,1,null,1,0,0
1734067665053,0,7 - Forum of a message,200,OK,Postgres 1-1,text,true,,155,0,1,1,null,0,0,0
1734067665053,1,7 - Forum of a message,200,OK,Postgres 1-1,text,true,,155,0,1,1,null,1,0,0
1734067665054,2,7 - Forum of a message,200,OK,Postgres 1-1,text,true,,128,0,1,1,null,2,0,0
1734067665056,0,7 - Forum of a message,200,OK,Postgres 1-1,text,true,,128,0,1,1,null,0,0,0
1734067665057,0,7 - Forum of a message,200,OK,Postgres 1-1,text,true,,128,0,1,1,null,0,0,0
1734067665057,0,7 - Forum of a message,200,OK,Postgres 1-1,text,true,,128,0,1,1,null,0,0,0
1734067665057,3,7 - Forum of a message,200,OK,Postgres 1-1,text,true,,142,0,1,1,null,3,0,0
1734067665060,0,7 - Forum of a message,200,OK,Postgres 1-1,text,true,,142,0,1,1,null,0,0,0
1734067665060,1,7 - Forum of a message,200,OK,Postgres 1-1,text,true,,142,0,1,1,null,1,0,0
1734067665061,0,7 - Forum of a message,200,OK,Postgres 1-1,text,true,,142,0,1,1,null,0,0,0
1734067665062,239,8 - Recent messages by your friends,200,OK,Postgres 1-1,text,true,,2044,0,1,1,null,239,0,0
1734067665301,186,8 - Recent messages by your friends,200,OK,Postgres 1-1,text,true,,2044,0,1,1,null,186,0,0
1734067665487,217,8 - Recent messages by your friends,200,OK,Postgres 1-1,text,true,,2044,0,1,1,null,217,0,0
1734067665704,189,8 - Recent messages by your friends,200,OK,Postgres 1-1,text,true,,2044,0,1,1,null,189,0,0
1734067665893,157,8 - Recent messages by your friends,200,OK,Postgres 1-1,text,true,,1723,0,1,1,null,157,0,0
1734067666050,141,8 - Recent messages by your friends,200,OK,Postgres 1-1,text,true,,1723,0,1,1,null,140,0,0
1734067666191,156,8 - Recent messages by your friends,200,OK,Postgres 1-1,text,true,,1723,0,1,1,null,156,0,0
1734067666347,154,8 - Recent messages by your friends,200,OK,Postgres 1-1,text,true,,1723,0,1,1,null,153,0,0
1734067666501,155,8 - Recent messages by your friends,200,OK,Postgres 1-1,text,true,,2825,0,1,1,null,155,0,0
1734067666656,166,8 - Recent messages by your friends,200,OK,Postgres 1-1,text,true,,2825,0,1,1,null,166,0,0
1734067666823,149,8 - Recent messages by your friends,200,OK,Postgres 1-1,text,true,,2825,0,1,1,null,149,0,0
1734067666972,162,8 - Recent messages by your friends,200,OK,Postgres 1-1,text,true,,2825,0,1,1,null,162,0,0
1734067667134,196,8 - Recent messages by your friends,200,OK,Postgres 1-1,text,true,,2137,0,1,1,null,195,0,0
1734067667330,231,8 - Recent messages by your friends,200,OK,Postgres 1-1,text,true,,2137,0,1,1,null,231,0,0
1734067667561,214,8 - Recent messages by your friends,200,OK,Postgres 1-1,text,true,,2137,0,1,1,null,214,0,0
1734067667777,227,8 - Recent messages by your friends,200,OK,Postgres 1-1,text,true,,2137,0,1,1,null,226,0,0
1734067668015,2441,9 - Friend recommendation,200,OK,Postgres 1-1,text,true,,532,0,1,1,null,2441,0,0
1734067670457,592,9 - Friend recommendation,200,OK,Postgres 1-1,text,true,,532,0,1,1,null,592,0,0
1734067671049,587,9 - Friend recommendation,200,OK,Postgres 1-1,text,true,,532,0,1,1,null,587,0,0
1734067671636,588,9 - Friend recommendation,200,OK,Postgres 1-1,text,true,,532,0,1,1,null,588,0,0
1734067672224,1649,9 - Friend recommendation,200,OK,Postgres 1-1,text,true,,557,0,1,1,null,1649,0,0
1734067673873,705,9 - Friend recommendation,200,OK,Postgres 1-1,text,true,,557,0,1,1,null,705,0,0
1734067674578,694,9 - Friend recommendation,200,OK,Postgres 1-1,text,true,,557,0,1,1,null,694,0,0
1734067675272,713,9 - Friend recommendation,200,OK,Postgres 1-1,text,true,,557,0,1,1,null,713,0,0
1734067675985,1200,9 - Friend recommendation,200,OK,Postgres 1-1,text,true,,519,0,1,1,null,1199,0,0
1734067677185,771,9 - Friend recommendation,200,OK,Postgres 1-1,text,true,,519,0,1,1,null,771,0,0
1734067677956,768,9 - Friend recommendation,200,OK,Postgres 1-1,text,true,,519,0,1,1,null,768,0,0
1734067678724,762,9 - Friend recommendation,200,OK,Postgres 1-1,text,true,,519,0,1,1,null,762,0,0
1734067679486,820,9 - Friend recommendation,200,OK,Postgres 1-1,text,true,,505,0,1,1,null,820,0,0
1734067680308,676,9 - Friend recommendation,200,OK,Postgres 1-1,text,true,,505,0,1,1,null,676,0,0
1734067680984,672,9 - Friend recommendation,200,OK,Postgres 1-1,text,true,,505,0,1,1,null,672,0,0
1734067681656,674,9 - Friend recommendation,200,OK,Postgres 1-1,text,true,,505,0,1,1,null,674,0,0
1734067682331,195,10 - Replies of a message,200,OK,Postgres 1-1,text,true,,616,0,1,1,null,195,0,0
1734067682526,72,10 - Replies of a message,200,OK,Postgres 1-1,text,true,,616,0,1,1,null,72,0,0
1734067682598,73,10 - Replies of a message,200,OK,Postgres 1-1,text,true,,616,0,1,1,null,73,0,0
1734067682671,73,10 - Replies of a message,200,OK,Postgres 1-1,text,true,,616,0,1,1,null,73,0,0
1734067682744,160,10 - Replies of a message,200,OK,Postgres 1-1,text,true,,866,0,1,1,null,160,0,0
1734067682904,156,10 - Replies of a message,200,OK,Postgres 1-1,text,true,,866,0,1,1,null,156,0,0
1734067683060,71,10 - Replies of a message,200,OK,Postgres 1-1,text,true,,866,0,1,1,null,71,0,0
1734067683131,73,10 - Replies of a message,200,OK,Postgres 1-1,text,true,,866,0,1,1,null,72,0,0
1734067683204,70,10 - Replies of a message,200,OK,Postgres 1-1,text,true,,846,0,1,1,null,70,0,0
1734067683273,71,10 - Replies of a message,200,OK,Postgres 1-1,text,true,,846,0,1,1,null,71,0,0
1734067683344,72,10 - Replies of a message,200,OK,Postgres 1-1,text,true,,846,0,1,1,null,72,0,0
1734067683416,71,10 - Replies of a message,200,OK,Postgres 1-1,text,true,,846,0,1,1,null,71,0,0
1734067683487,72,10 - Replies of a message,200,OK,Postgres 1-1,text,true,,1040,0,1,1,null,72,0,0
1734067683560,69,10 - Replies of a message,200,OK,Postgres 1-1,text,true,,1040,0,1,1,null,68,0,0
1734067683629,70,10 - Replies of a message,200,OK,Postgres 1-1,text,true,,1040,0,1,1,null,70,0,0
1734067683699,157,10 - Replies of a message,200,OK,Postgres 1-1,text,true,,1040,0,1,1,null,156,0,0
