timeStamp,elapsed,label,responseCode,responseMessage,threadName,dataType,success,failureMessage,bytes,sentBytes,grpThreads,allThreads,URL,Latency,IdleTime,Connect
1734103982094,1225,1 - Transitive friends - step 3,200,OK,Neo4j 1-1,text,true,,249,0,1,1,null,0,0,0
1734103983324,42,1 - Transitive friends - step 3,200,OK,Neo4j 1-1,text,true,,249,0,1,1,null,0,0,0
1734103983367,33,1 - Transitive friends - step 3,200,OK,Neo4j 1-1,text,true,,249,0,1,1,null,0,0,0
1734103983400,33,1 - Transitive friends - step 3,200,OK,Neo4j 1-1,text,true,,249,0,1,1,null,0,0,0
1734103983433,197,1 - Transitive friends - step 3,200,OK,Neo4j 1-1,text,true,,249,0,1,1,null,0,0,0
1734103983630,25,1 - Transitive friends - step 3,200,OK,Neo4j 1-1,text,true,,249,0,1,1,null,0,0,0
1734103983656,23,1 - Transitive friends - step 3,200,OK,Neo4j 1-1,text,true,,249,0,1,1,null,0,0,0
1734103983679,23,1 - Transitive friends - step 3,200,OK,Neo4j 1-1,text,true,,249,0,1,1,null,0,0,0
1734103983702,49,1 - Transitive friends - step 3,200,OK,Neo4j 1-1,text,true,,249,0,1,1,null,0,0,0
1734103983752,15,1 - Transitive friends - step 3,200,OK,Neo4j 1-1,text,true,,249,0,1,1,null,0,0,0
1734103983767,15,1 - Transitive friends - step 3,200,OK,Neo4j 1-1,text,true,,249,0,1,1,null,0,0,0
1734103983782,15,1 - Transitive friends - step 3,200,OK,Neo4j 1-1,text,true,,249,0,1,1,null,0,0,0
1734103983798,51,1 - Transitive friends - step 3,200,OK,Neo4j 1-1,text,true,,249,0,1,1,null,0,0,0
1734103983849,19,1 - Transitive friends - step 3,200,OK,Neo4j 1-1,text,true,,249,0,1,1,null,0,0,0
1734103983869,20,1 - Transitive friends - step 3,200,OK,Neo4j 1-1,text,true,,249,0,1,1,null,0,0,0
1734103983889,20,1 - Transitive friends - step 3,200,OK,Neo4j 1-1,text,true,,249,0,1,1,null,0,0,0
1734103983978,243,2 - Transitive friends - step 4,200,OK,Neo4j 1-1,text,true,,249,0,1,1,null,0,0,0
1734103984221,25,2 - Transitive friends - step 4,200,OK,Neo4j 1-1,text,true,,249,0,1,1,null,0,0,0
1734103984246,23,2 - Transitive friends - step 4,200,OK,Neo4j 1-1,text,true,,249,0,1,1,null,0,0,0
1734103984269,24,2 - Transitive friends - step 4,200,OK,Neo4j 1-1,text,true,,249,0,1,1,null,0,0,0
1734103984293,143,2 - Transitive friends - step 4,200,OK,Neo4j 1-1,text,true,,249,0,1,1,null,0,0,0
1734103984436,22,2 - Transitive friends - step 4,200,OK,Neo4j 1-1,text,true,,249,0,1,1,null,0,0,0
1734103984458,21,2 - Transitive friends - step 4,200,OK,Neo4j 1-1,text,true,,249,0,1,1,null,0,0,0
1734103984479,21,2 - Transitive friends - step 4,200,OK,Neo4j 1-1,text,true,,249,0,1,1,null,0,0,0
1734103984500,38,2 - Transitive friends - step 4,200,OK,Neo4j 1-1,text,true,,249,0,1,1,null,0,0,0
1734103984539,17,2 - Transitive friends - step 4,200,OK,Neo4j 1-1,text,true,,249,0,1,1,null,0,0,0
1734103984557,15,2 - Transitive friends - step 4,200,OK,Neo4j 1-1,text,true,,249,0,1,1,null,0,0,0
1734103984572,15,2 - Transitive friends - step 4,200,OK,Neo4j 1-1,text,true,,249,0,1,1,null,0,0,0
1734103984587,42,2 - Transitive friends - step 4,200,OK,Neo4j 1-1,text,true,,249,0,1,1,null,0,0,0
1734103984629,21,2 - Transitive friends - step 4,200,OK,Neo4j 1-1,text,true,,249,0,1,1,null,0,0,0
1734103984650,20,2 - Transitive friends - step 4,200,OK,Neo4j 1-1,text,true,,249,0,1,1,null,0,0,0
1734103984670,20,2 - Transitive friends - step 4,200,OK,Neo4j 1-1,text,true,,249,0,1,1,null,0,0,0
1734103984691,161,3 - Transitive friends - step 5,200,OK,Neo4j 1-1,text,true,,249,0,1,1,null,0,0,0
1734103984852,23,3 - Transitive friends - step 5,200,OK,Neo4j 1-1,text,true,,249,0,1,1,null,0,0,0
1734103984875,22,3 - Transitive friends - step 5,200,OK,Neo4j 1-1,text,true,,249,0,1,1,null,0,0,0
1734103984897,23,3 - Transitive friends - step 5,200,OK,Neo4j 1-1,text,true,,249,0,1,1,null,0,0,0
1734103984920,119,3 - Transitive friends - step 5,200,OK,Neo4j 1-1,text,true,,249,0,1,1,null,0,0,0
1734103985039,22,3 - Transitive friends - step 5,200,OK,Neo4j 1-1,text,true,,249,0,1,1,null,0,0,0
1734103985061,20,3 - Transitive friends - step 5,200,OK,Neo4j 1-1,text,true,,249,0,1,1,null,0,0,0
1734103985082,21,3 - Transitive friends - step 5,200,OK,Neo4j 1-1,text,true,,249,0,1,1,null,0,0,0
1734103985103,35,3 - Transitive friends - step 5,200,OK,Neo4j 1-1,text,true,,249,0,1,1,null,0,0,0
1734103985139,15,3 - Transitive friends - step 5,200,OK,Neo4j 1-1,text,true,,249,0,1,1,null,0,0,0
1734103985154,15,3 - Transitive friends - step 5,200,OK,Neo4j 1-1,text,true,,249,0,1,1,null,0,0,0
1734103985169,14,3 - Transitive friends - step 5,200,OK,Neo4j 1-1,text,true,,249,0,1,1,null,0,0,0
1734103985183,39,3 - Transitive friends - step 5,200,OK,Neo4j 1-1,text,true,,249,0,1,1,null,0,0,0
1734103985223,19,3 - Transitive friends - step 5,200,OK,Neo4j 1-1,text,true,,249,0,1,1,null,0,0,0
1734103985243,19,3 - Transitive friends - step 5,200,OK,Neo4j 1-1,text,true,,249,0,1,1,null,0,0,0
1734103985263,20,3 - Transitive friends - step 5,200,OK,Neo4j 1-1,text,true,,249,0,1,1,null,0,0,0
1734103985284,1354,4 - Friends and fof that have been to countries,200,OK,Neo4j 1-1,text,true,,249,0,1,1,null,0,0,0
1734103986638,711,4 - Friends and fof that have been to countries,200,OK,Neo4j 1-1,text,true,,249,0,1,1,null,0,0,0
1734103987349,703,4 - Friends and fof that have been to countries,200,OK,Neo4j 1-1,text,true,,249,0,1,1,null,0,0,0
1734103988052,679,4 - Friends and fof that have been to countries,200,OK,Neo4j 1-1,text,true,,249,0,1,1,null,0,0,0
1734103988731,466,4 - Friends and fof that have been to countries,200,OK,Neo4j 1-1,text,true,,249,0,1,1,null,0,0,0
1734103989197,430,4 - Friends and fof that have been to countries,200,OK,Neo4j 1-1,text,true,,249,0,1,1,null,0,0,0
1734103989627,425,4 - Friends and fof that have been to countries,200,OK,Neo4j 1-1,text,true,,249,0,1,1,null,0,0,0
1734103990053,432,4 - Friends and fof that have been to countries,200,OK,Neo4j 1-1,text,true,,249,0,1,1,null,0,0,0
1734103990485,1035,4 - Friends and fof that have been to countries,200,OK,Neo4j 1-1,text,true,,249,0,1,1,null,0,0,0
1734103991520,960,4 - Friends and fof that have been to countries,200,OK,Neo4j 1-1,text,true,,249,0,1,1,null,0,0,0
1734103992480,961,4 - Friends and fof that have been to countries,200,OK,Neo4j 1-1,text,true,,249,0,1,1,null,0,0,0
1734103993441,968,4 - Friends and fof that have been to countries,200,OK,Neo4j 1-1,text,true,,249,0,1,1,null,0,0,0
1734103994409,262,4 - Friends and fof that have been to countries,200,OK,Neo4j 1-1,text,true,,249,0,1,1,null,0,0,0
1734103994671,236,4 - Friends and fof that have been to countries,200,OK,Neo4j 1-1,text,true,,249,0,1,1,null,0,0,0
1734103994907,239,4 - Friends and fof that have been to countries,200,OK,Neo4j 1-1,text,true,,249,0,1,1,null,0,0,0
1734103995146,230,4 - Friends and fof that have been to countries,200,OK,Neo4j 1-1,text,true,,249,0,1,1,null,0,0,0
1734103995377,115,5 - Shortest path,200,OK,Neo4j 1-1,text,true,,249,0,1,1,null,0,0,0
1734103995493,4,5 - Shortest path,200,OK,Neo4j 1-1,text,true,,249,0,1,1,null,0,0,0
1734103995497,5,5 - Shortest path,200,OK,Neo4j 1-1,text,true,,249,0,1,1,null,0,0,0
1734103995502,4,5 - Shortest path,200,OK,Neo4j 1-1,text,true,,249,0,1,1,null,0,0,0
1734103995506,11,5 - Shortest path,200,OK,Neo4j 1-1,text,true,,249,0,1,1,null,0,0,0
1734103995517,3,5 - Shortest path,200,OK,Neo4j 1-1,text,true,,249,0,1,1,null,0,0,0
1734103995520,4,5 - Shortest path,200,OK,Neo4j 1-1,text,true,,249,0,1,1,null,0,0,0
1734103995524,3,5 - Shortest path,200,OK,Neo4j 1-1,text,true,,249,0,1,1,null,0,0,0
1734103995527,11,5 - Shortest path,200,OK,Neo4j 1-1,text,true,,249,0,1,1,null,0,0,0
1734103995538,4,5 - Shortest path,200,OK,Neo4j 1-1,text,true,,249,0,1,1,null,0,0,0
1734103995542,3,5 - Shortest path,200,OK,Neo4j 1-1,text,true,,249,0,1,1,null,0,0,0
1734103995546,3,5 - Shortest path,200,OK,Neo4j 1-1,text,true,,249,0,1,1,null,0,0,0
1734103995549,11,5 - Shortest path,200,OK,Neo4j 1-1,text,true,,249,0,1,1,null,0,0,0
1734103995560,4,5 - Shortest path,200,OK,Neo4j 1-1,text,true,,249,0,1,1,null,0,0,0
1734103995564,3,5 - Shortest path,200,OK,Neo4j 1-1,text,true,,249,0,1,1,null,0,0,0
1734103995567,4,5 - Shortest path,200,OK,Neo4j 1-1,text,true,,249,0,1,1,null,0,0,0
1734103995571,515,6.0 - K shortest paths - Create graph,200,OK,Neo4j 1-1,text,true,,249,0,1,1,null,0,0,0
1734103996087,271,6.1 - K shortest paths,200,OK,Neo4j 1-1,text,true,,249,0,1,1,null,0,0,0
1734103996359,69,6.1 - K shortest paths,200,OK,Neo4j 1-1,text,true,,249,0,1,1,null,0,0,0
1734103996428,52,6.1 - K shortest paths,200,OK,Neo4j 1-1,text,true,,249,0,1,1,null,0,0,0
1734103996480,53,6.1 - K shortest paths,200,OK,Neo4j 1-1,text,true,,249,0,1,1,null,0,0,0
1734103996533,56,6.1 - K shortest paths,200,OK,Neo4j 1-1,text,true,,249,0,1,1,null,0,0,0
1734103996589,43,6.1 - K shortest paths,200,OK,Neo4j 1-1,text,true,,249,0,1,1,null,0,0,0
1734103996633,41,6.1 - K shortest paths,200,OK,Neo4j 1-1,text,true,,249,0,1,1,null,0,0,0
1734103996674,42,6.1 - K shortest paths,200,OK,Neo4j 1-1,text,true,,249,0,1,1,null,0,0,0
1734103996716,61,6.1 - K shortest paths,200,OK,Neo4j 1-1,text,true,,249,0,1,1,null,0,0,0
1734103996777,50,6.1 - K shortest paths,200,OK,Neo4j 1-1,text,true,,249,0,1,1,null,0,0,0
1734103996828,50,6.1 - K shortest paths,200,OK,Neo4j 1-1,text,true,,249,0,1,1,null,0,0,0
1734103996878,54,6.1 - K shortest paths,200,OK,Neo4j 1-1,text,true,,249,0,1,1,null,0,0,0
1734103996932,46,6.1 - K shortest paths,200,OK,Neo4j 1-1,text,true,,249,0,1,1,null,0,0,0
1734103996978,37,6.1 - K shortest paths,200,OK,Neo4j 1-1,text,true,,249,0,1,1,null,0,0,0
1734103997015,37,6.1 - K shortest paths,200,OK,Neo4j 1-1,text,true,,249,0,1,1,null,0,0,0
1734103997052,37,6.1 - K shortest paths,200,OK,Neo4j 1-1,text,true,,249,0,1,1,null,0,0,0
1734103997089,33,6.2 - K Shortest paths - Drop graph,200,OK,Neo4j 1-1,text,true,,249,0,1,1,null,0,0,0
1734103997122,116,7 - Forum of a message,200,OK,Neo4j 1-1,text,true,,249,0,1,1,null,0,0,0
1734103997238,4,7 - Forum of a message,200,OK,Neo4j 1-1,text,true,,249,0,1,1,null,0,0,0
1734103997242,4,7 - Forum of a message,200,OK,Neo4j 1-1,text,true,,249,0,1,1,null,0,0,0
1734103997247,3,7 - Forum of a message,200,OK,Neo4j 1-1,text,true,,249,0,1,1,null,0,0,0
1734103997250,15,7 - Forum of a message,200,OK,Neo4j 1-1,text,true,,249,0,1,1,null,0,0,0
1734103997266,3,7 - Forum of a message,200,OK,Neo4j 1-1,text,true,,249,0,1,1,null,0,0,0
1734103997269,4,7 - Forum of a message,200,OK,Neo4j 1-1,text,true,,249,0,1,1,null,0,0,0
1734103997273,4,7 - Forum of a message,200,OK,Neo4j 1-1,text,true,,249,0,1,1,null,0,0,0
1734103997277,15,7 - Forum of a message,200,OK,Neo4j 1-1,text,true,,249,0,1,1,null,0,0,0
1734103997292,4,7 - Forum of a message,200,OK,Neo4j 1-1,text,true,,249,0,1,1,null,0,0,0
1734103997296,4,7 - Forum of a message,200,OK,Neo4j 1-1,text,true,,249,0,1,1,null,0,0,0
1734103997300,3,7 - Forum of a message,200,OK,Neo4j 1-1,text,true,,249,0,1,1,null,0,0,0
1734103997303,15,7 - Forum of a message,200,OK,Neo4j 1-1,text,true,,249,0,1,1,null,0,0,0
1734103997318,4,7 - Forum of a message,200,OK,Neo4j 1-1,text,true,,249,0,1,1,null,0,0,0
1734103997322,3,7 - Forum of a message,200,OK,Neo4j 1-1,text,true,,249,0,1,1,null,0,0,0
1734103997326,3,7 - Forum of a message,200,OK,Neo4j 1-1,text,true,,249,0,1,1,null,0,0,0
1734103997330,94,8 - Recent messages by your friends,200,OK,Neo4j 1-1,text,true,,249,0,1,1,null,0,0,0
1734103997424,21,8 - Recent messages by your friends,200,OK,Neo4j 1-1,text,true,,249,0,1,1,null,0,0,0
1734103997445,21,8 - Recent messages by your friends,200,OK,Neo4j 1-1,text,true,,249,0,1,1,null,0,0,0
1734103997466,20,8 - Recent messages by your friends,200,OK,Neo4j 1-1,text,true,,249,0,1,1,null,0,0,0
1734103997486,28,8 - Recent messages by your friends,200,OK,Neo4j 1-1,text,true,,249,0,1,1,null,0,0,0
1734103997515,16,8 - Recent messages by your friends,200,OK,Neo4j 1-1,text,true,,249,0,1,1,null,0,0,0
1734103997531,13,8 - Recent messages by your friends,200,OK,Neo4j 1-1,text,true,,249,0,1,1,null,0,0,0
1734103997545,12,8 - Recent messages by your friends,200,OK,Neo4j 1-1,text,true,,249,0,1,1,null,0,0,0
1734103997557,27,8 - Recent messages by your friends,200,OK,Neo4j 1-1,text,true,,249,0,1,1,null,0,0,0
1734103997584,37,8 - Recent messages by your friends,200,OK,Neo4j 1-1,text,true,,249,0,1,1,null,0,0,0
1734103997621,21,8 - Recent messages by your friends,200,OK,Neo4j 1-1,text,true,,249,0,1,1,null,0,0,0
1734103997643,25,8 - Recent messages by your friends,200,OK,Neo4j 1-1,text,true,,249,0,1,1,null,0,0,0
1734103997668,63,8 - Recent messages by your friends,200,OK,Neo4j 1-1,text,true,,249,0,1,1,null,0,0,0
1734103997732,28,8 - Recent messages by your friends,200,OK,Neo4j 1-1,text,true,,249,0,1,1,null,0,0,0
1734103997760,27,8 - Recent messages by your friends,200,OK,Neo4j 1-1,text,true,,249,0,1,1,null,0,0,0
1734103997787,26,8 - Recent messages by your friends,200,OK,Neo4j 1-1,text,true,,249,0,1,1,null,0,0,0
1734103997814,340,9 - Friends recommendation,200,OK,Neo4j 1-1,text,true,,249,0,1,1,null,0,0,0
1734103998154,30,9 - Friends recommendation,200,OK,Neo4j 1-1,text,true,,249,0,1,1,null,0,0,0
1734103998184,25,9 - Friends recommendation,200,OK,Neo4j 1-1,text,true,,249,0,1,1,null,0,0,0
1734103998209,23,9 - Friends recommendation,200,OK,Neo4j 1-1,text,true,,249,0,1,1,null,0,0,0
1734103998232,207,9 - Friends recommendation,200,OK,Neo4j 1-1,text,true,,249,0,1,1,null,0,0,0
1734103998439,145,9 - Friends recommendation,200,OK,Neo4j 1-1,text,true,,249,0,1,1,null,0,0,0
1734103998584,134,9 - Friends recommendation,200,OK,Neo4j 1-1,text,true,,249,0,1,1,null,0,0,0
1734103998718,124,9 - Friends recommendation,200,OK,Neo4j 1-1,text,true,,249,0,1,1,null,0,0,0
1734103998842,98,9 - Friends recommendation,200,OK,Neo4j 1-1,text,true,,249,0,1,1,null,0,0,0
1734103998940,72,9 - Friends recommendation,200,OK,Neo4j 1-1,text,true,,249,0,1,1,null,0,0,0
1734103999012,68,9 - Friends recommendation,200,OK,Neo4j 1-1,text,true,,249,0,1,1,null,0,0,0
1734103999080,64,9 - Friends recommendation,200,OK,Neo4j 1-1,text,true,,249,0,1,1,null,0,0,0
1734103999144,65,9 - Friends recommendation,200,OK,Neo4j 1-1,text,true,,249,0,1,1,null,0,0,0
1734103999209,42,9 - Friends recommendation,200,OK,Neo4j 1-1,text,true,,249,0,1,1,null,0,0,0
1734103999252,40,9 - Friends recommendation,200,OK,Neo4j 1-1,text,true,,249,0,1,1,null,0,0,0
1734103999292,39,9 - Friends recommendation,200,OK,Neo4j 1-1,text,true,,249,0,1,1,null,0,0,0
1734103999332,110,10 - Friends recommendation,200,OK,Neo4j 1-1,text,true,,249,0,1,1,null,0,0,0
1734103999442,4,10 - Friends recommendation,200,OK,Neo4j 1-1,text,true,,249,0,1,1,null,0,0,0
1734103999446,4,10 - Friends recommendation,200,OK,Neo4j 1-1,text,true,,249,0,1,1,null,0,0,0
1734103999450,4,10 - Friends recommendation,200,OK,Neo4j 1-1,text,true,,249,0,1,1,null,0,0,0
1734103999454,14,10 - Friends recommendation,200,OK,Neo4j 1-1,text,true,,249,0,1,1,null,0,0,0
1734103999468,4,10 - Friends recommendation,200,OK,Neo4j 1-1,text,true,,249,0,1,1,null,0,0,0
1734103999473,3,10 - Friends recommendation,200,OK,Neo4j 1-1,text,true,,249,0,1,1,null,0,0,0
1734103999477,3,10 - Friends recommendation,200,OK,Neo4j 1-1,text,true,,249,0,1,1,null,0,0,0
1734103999481,14,10 - Friends recommendation,200,OK,Neo4j 1-1,text,true,,249,0,1,1,null,0,0,0
1734103999495,5,10 - Friends recommendation,200,OK,Neo4j 1-1,text,true,,249,0,1,1,null,0,0,0
1734103999500,4,10 - Friends recommendation,200,OK,Neo4j 1-1,text,true,,249,0,1,1,null,0,0,0
1734103999504,4,10 - Friends recommendation,200,OK,Neo4j 1-1,text,true,,249,0,1,1,null,0,0,0
1734103999508,14,10 - Friends recommendation,200,OK,Neo4j 1-1,text,true,,249,0,1,1,null,0,0,0
1734103999522,4,10 - Friends recommendation,200,OK,Neo4j 1-1,text,true,,249,0,1,1,null,0,0,0
1734103999526,4,10 - Friends recommendation,200,OK,Neo4j 1-1,text,true,,249,0,1,1,null,0,0,0
1734103999530,4,10 - Friends recommendation,200,OK,Neo4j 1-1,text,true,,249,0,1,1,null,0,0,0
