timeStamp,elapsed,label,responseCode,responseMessage,threadName,dataType,success,failureMessage,bytes,sentBytes,grpThreads,allThreads,URL,Latency,IdleTime,Connect
1734120686295,1092,1 - Transitive friends - step 3,200,OK,Neo4j 1-1,text,true,,249,0,1,1,null,0,0,0
1734120687388,47,1 - Transitive friends - step 3,200,OK,Neo4j 1-1,text,true,,249,0,1,1,null,0,0,0
1734120687435,38,1 - Transitive friends - step 3,200,OK,Neo4j 1-1,text,true,,249,0,1,1,null,0,0,0
1734120687473,30,1 - Transitive friends - step 3,200,OK,Neo4j 1-1,text,true,,249,0,1,1,null,0,0,0
1734120687503,193,1 - Transitive friends - step 3,200,OK,Neo4j 1-1,text,true,,249,0,1,1,null,0,0,0
1734120687696,24,1 - Transitive friends - step 3,200,OK,Neo4j 1-1,text,true,,249,0,1,1,null,0,0,0
1734120687721,21,1 - Transitive friends - step 3,200,OK,Neo4j 1-1,text,true,,249,0,1,1,null,0,0,0
1734120687743,19,1 - Transitive friends - step 3,200,OK,Neo4j 1-1,text,true,,249,0,1,1,null,0,0,0
1734120687762,46,1 - Transitive friends - step 3,200,OK,Neo4j 1-1,text,true,,249,0,1,1,null,0,0,0
1734120687808,20,1 - Transitive friends - step 3,200,OK,Neo4j 1-1,text,true,,249,0,1,1,null,0,0,0
1734120687828,17,1 - Transitive friends - step 3,200,OK,Neo4j 1-1,text,true,,249,0,1,1,null,0,0,0
1734120687845,17,1 - Transitive friends - step 3,200,OK,Neo4j 1-1,text,true,,249,0,1,1,null,0,0,0
1734120687862,34,1 - Transitive friends - step 3,200,OK,Neo4j 1-1,text,true,,249,0,1,1,null,0,0,0
1734120687896,12,1 - Transitive friends - step 3,200,OK,Neo4j 1-1,text,true,,249,0,1,1,null,0,0,0
1734120687908,11,1 - Transitive friends - step 3,200,OK,Neo4j 1-1,text,true,,249,0,1,1,null,0,0,0
1734120687920,11,1 - Transitive friends - step 3,200,OK,Neo4j 1-1,text,true,,249,0,1,1,null,0,0,0
1734120687985,174,2 - Transitive friends - step 4,200,OK,Neo4j 1-1,text,true,,249,0,1,1,null,0,0,0
1734120688159,39,2 - Transitive friends - step 4,200,OK,Neo4j 1-1,text,true,,249,0,1,1,null,0,0,0
1734120688198,36,2 - Transitive friends - step 4,200,OK,Neo4j 1-1,text,true,,249,0,1,1,null,0,0,0
1734120688234,32,2 - Transitive friends - step 4,200,OK,Neo4j 1-1,text,true,,249,0,1,1,null,0,0,0
1734120688266,117,2 - Transitive friends - step 4,200,OK,Neo4j 1-1,text,true,,249,0,1,1,null,0,0,0
1734120688383,27,2 - Transitive friends - step 4,200,OK,Neo4j 1-1,text,true,,249,0,1,1,null,0,0,0
1734120688410,23,2 - Transitive friends - step 4,200,OK,Neo4j 1-1,text,true,,249,0,1,1,null,0,0,0
1734120688433,22,2 - Transitive friends - step 4,200,OK,Neo4j 1-1,text,true,,249,0,1,1,null,0,0,0
1734120688455,55,2 - Transitive friends - step 4,200,OK,Neo4j 1-1,text,true,,249,0,1,1,null,0,0,0
1734120688510,33,2 - Transitive friends - step 4,200,OK,Neo4j 1-1,text,true,,249,0,1,1,null,0,0,0
1734120688543,33,2 - Transitive friends - step 4,200,OK,Neo4j 1-1,text,true,,249,0,1,1,null,0,0,0
1734120688576,31,2 - Transitive friends - step 4,200,OK,Neo4j 1-1,text,true,,249,0,1,1,null,0,0,0
1734120688607,40,2 - Transitive friends - step 4,200,OK,Neo4j 1-1,text,true,,249,0,1,1,null,0,0,0
1734120688647,22,2 - Transitive friends - step 4,200,OK,Neo4j 1-1,text,true,,249,0,1,1,null,0,0,0
1734120688670,21,2 - Transitive friends - step 4,200,OK,Neo4j 1-1,text,true,,249,0,1,1,null,0,0,0
1734120688691,19,2 - Transitive friends - step 4,200,OK,Neo4j 1-1,text,true,,249,0,1,1,null,0,0,0
1734120688711,142,3 - Transitive friends - step 5,200,OK,Neo4j 1-1,text,true,,249,0,1,1,null,0,0,0
1734120688854,41,3 - Transitive friends - step 5,200,OK,Neo4j 1-1,text,true,,249,0,1,1,null,0,0,0
1734120688895,35,3 - Transitive friends - step 5,200,OK,Neo4j 1-1,text,true,,249,0,1,1,null,0,0,0
1734120688930,36,3 - Transitive friends - step 5,200,OK,Neo4j 1-1,text,true,,249,0,1,1,null,0,0,0
1734120688966,101,3 - Transitive friends - step 5,200,OK,Neo4j 1-1,text,true,,249,0,1,1,null,0,0,0
1734120689067,25,3 - Transitive friends - step 5,200,OK,Neo4j 1-1,text,true,,249,0,1,1,null,0,0,0
1734120689092,28,3 - Transitive friends - step 5,200,OK,Neo4j 1-1,text,true,,249,0,1,1,null,0,0,0
1734120689120,24,3 - Transitive friends - step 5,200,OK,Neo4j 1-1,text,true,,249,0,1,1,null,0,0,0
1734120689144,55,3 - Transitive friends - step 5,200,OK,Neo4j 1-1,text,true,,249,0,1,1,null,0,0,0
1734120689200,33,3 - Transitive friends - step 5,200,OK,Neo4j 1-1,text,true,,249,0,1,1,null,0,0,0
1734120689234,35,3 - Transitive friends - step 5,200,OK,Neo4j 1-1,text,true,,249,0,1,1,null,0,0,0
1734120689269,35,3 - Transitive friends - step 5,200,OK,Neo4j 1-1,text,true,,249,0,1,1,null,0,0,0
1734120689304,37,3 - Transitive friends - step 5,200,OK,Neo4j 1-1,text,true,,249,0,1,1,null,0,0,0
1734120689342,20,3 - Transitive friends - step 5,200,OK,Neo4j 1-1,text,true,,249,0,1,1,null,0,0,0
1734120689362,22,3 - Transitive friends - step 5,200,OK,Neo4j 1-1,text,true,,249,0,1,1,null,0,0,0
1734120689384,20,3 - Transitive friends - step 5,200,OK,Neo4j 1-1,text,true,,249,0,1,1,null,0,0,0
1734120689405,2063,4 - Friends and fof that have been to countries,200,OK,Neo4j 1-1,text,true,,249,0,1,1,null,0,0,0
1734120691470,1507,4 - Friends and fof that have been to countries,200,OK,Neo4j 1-1,text,true,,249,0,1,1,null,0,0,0
1734120692977,1463,4 - Friends and fof that have been to countries,200,OK,Neo4j 1-1,text,true,,249,0,1,1,null,0,0,0
1734120694440,1432,4 - Friends and fof that have been to countries,200,OK,Neo4j 1-1,text,true,,249,0,1,1,null,0,0,0
1734120695872,1072,4 - Friends and fof that have been to countries,200,OK,Neo4j 1-1,text,true,,249,0,1,1,null,0,0,0
1734120696945,1052,4 - Friends and fof that have been to countries,200,OK,Neo4j 1-1,text,true,,249,0,1,1,null,0,0,0
1734120697997,1038,4 - Friends and fof that have been to countries,200,OK,Neo4j 1-1,text,true,,249,0,1,1,null,0,0,0
1734120699035,1054,4 - Friends and fof that have been to countries,200,OK,Neo4j 1-1,text,true,,249,0,1,1,null,0,0,0
1734120700090,217,4 - Friends and fof that have been to countries,200,OK,Neo4j 1-1,text,true,,249,0,1,1,null,0,0,0
1734120700307,197,4 - Friends and fof that have been to countries,200,OK,Neo4j 1-1,text,true,,249,0,1,1,null,0,0,0
1734120700504,194,4 - Friends and fof that have been to countries,200,OK,Neo4j 1-1,text,true,,249,0,1,1,null,0,0,0
1734120700698,171,4 - Friends and fof that have been to countries,200,OK,Neo4j 1-1,text,true,,249,0,1,1,null,0,0,0
1734120700869,385,4 - Friends and fof that have been to countries,200,OK,Neo4j 1-1,text,true,,249,0,1,1,null,0,0,0
1734120701255,396,4 - Friends and fof that have been to countries,200,OK,Neo4j 1-1,text,true,,249,0,1,1,null,0,0,0
1734120701651,344,4 - Friends and fof that have been to countries,200,OK,Neo4j 1-1,text,true,,249,0,1,1,null,0,0,0
1734120701995,349,4 - Friends and fof that have been to countries,200,OK,Neo4j 1-1,text,true,,249,0,1,1,null,0,0,0
1734120702345,94,5 - Shortest path,200,OK,Neo4j 1-1,text,true,,249,0,1,1,null,0,0,0
1734120702439,3,5 - Shortest path,200,OK,Neo4j 1-1,text,true,,249,0,1,1,null,0,0,0
1734120702442,3,5 - Shortest path,200,OK,Neo4j 1-1,text,true,,249,0,1,1,null,0,0,0
1734120702445,1,5 - Shortest path,200,OK,Neo4j 1-1,text,true,,249,0,1,1,null,0,0,0
1734120702447,8,5 - Shortest path,200,OK,Neo4j 1-1,text,true,,249,0,1,1,null,0,0,0
1734120702455,2,5 - Shortest path,200,OK,Neo4j 1-1,text,true,,249,0,1,1,null,0,0,0
1734120702457,2,5 - Shortest path,200,OK,Neo4j 1-1,text,true,,249,0,1,1,null,0,0,0
1734120702460,2,5 - Shortest path,200,OK,Neo4j 1-1,text,true,,249,0,1,1,null,0,0,0
1734120702462,6,5 - Shortest path,200,OK,Neo4j 1-1,text,true,,249,0,1,1,null,0,0,0
1734120702468,2,5 - Shortest path,200,OK,Neo4j 1-1,text,true,,249,0,1,1,null,0,0,0
1734120702470,2,5 - Shortest path,200,OK,Neo4j 1-1,text,true,,249,0,1,1,null,0,0,0
1734120702472,2,5 - Shortest path,200,OK,Neo4j 1-1,text,true,,249,0,1,1,null,0,0,0
1734120702474,6,5 - Shortest path,200,OK,Neo4j 1-1,text,true,,249,0,1,1,null,0,0,0
1734120702480,2,5 - Shortest path,200,OK,Neo4j 1-1,text,true,,249,0,1,1,null,0,0,0
1734120702482,2,5 - Shortest path,200,OK,Neo4j 1-1,text,true,,249,0,1,1,null,0,0,0
1734120702485,1,5 - Shortest path,200,OK,Neo4j 1-1,text,true,,249,0,1,1,null,0,0,0
1734120702486,1300,6.0 - K shortest paths - Create graph,200,OK,Neo4j 1-1,text,true,,249,0,1,1,null,0,0,0
1734120703787,358,6.1 - K shortest paths,200,OK,Neo4j 1-1,text,true,,249,0,1,1,null,0,0,0
1734120704146,54,6.1 - K shortest paths,200,OK,Neo4j 1-1,text,true,,249,0,1,1,null,0,0,0
1734120704201,42,6.1 - K shortest paths,200,OK,Neo4j 1-1,text,true,,249,0,1,1,null,0,0,0
1734120704243,38,6.1 - K shortest paths,200,OK,Neo4j 1-1,text,true,,249,0,1,1,null,0,0,0
1734120704281,76,6.1 - K shortest paths,200,OK,Neo4j 1-1,text,true,,249,0,1,1,null,0,0,0
1734120704357,70,6.1 - K shortest paths,200,OK,Neo4j 1-1,text,true,,249,0,1,1,null,0,0,0
1734120704427,59,6.1 - K shortest paths,200,OK,Neo4j 1-1,text,true,,249,0,1,1,null,0,0,0
1734120704487,62,6.1 - K shortest paths,200,OK,Neo4j 1-1,text,true,,249,0,1,1,null,0,0,0
1734120704549,49,6.1 - K shortest paths,200,OK,Neo4j 1-1,text,true,,249,0,1,1,null,0,0,0
1734120704598,42,6.1 - K shortest paths,200,OK,Neo4j 1-1,text,true,,249,0,1,1,null,0,0,0
1734120704640,38,6.1 - K shortest paths,200,OK,Neo4j 1-1,text,true,,249,0,1,1,null,0,0,0
1734120704678,40,6.1 - K shortest paths,200,OK,Neo4j 1-1,text,true,,249,0,1,1,null,0,0,0
1734120704718,57,6.1 - K shortest paths,200,OK,Neo4j 1-1,text,true,,249,0,1,1,null,0,0,0
1734120704775,43,6.1 - K shortest paths,200,OK,Neo4j 1-1,text,true,,249,0,1,1,null,0,0,0
1734120704818,45,6.1 - K shortest paths,200,OK,Neo4j 1-1,text,true,,249,0,1,1,null,0,0,0
1734120704864,45,6.1 - K shortest paths,200,OK,Neo4j 1-1,text,true,,249,0,1,1,null,0,0,0
1734120704909,29,6.2 - K Shortest paths - Drop graph,200,OK,Neo4j 1-1,text,true,,249,0,1,1,null,0,0,0
1734120704939,98,7 - Forum of a message,200,OK,Neo4j 1-1,text,true,,249,0,1,1,null,0,0,0
1734120705038,3,7 - Forum of a message,200,OK,Neo4j 1-1,text,true,,249,0,1,1,null,0,0,0
1734120705041,3,7 - Forum of a message,200,OK,Neo4j 1-1,text,true,,249,0,1,1,null,0,0,0
1734120705044,2,7 - Forum of a message,200,OK,Neo4j 1-1,text,true,,249,0,1,1,null,0,0,0
1734120705046,11,7 - Forum of a message,200,OK,Neo4j 1-1,text,true,,249,0,1,1,null,0,0,0
1734120705057,2,7 - Forum of a message,200,OK,Neo4j 1-1,text,true,,249,0,1,1,null,0,0,0
1734120705059,2,7 - Forum of a message,200,OK,Neo4j 1-1,text,true,,249,0,1,1,null,0,0,0
1734120705061,2,7 - Forum of a message,200,OK,Neo4j 1-1,text,true,,249,0,1,1,null,0,0,0
1734120705063,9,7 - Forum of a message,200,OK,Neo4j 1-1,text,true,,249,0,1,1,null,0,0,0
1734120705072,2,7 - Forum of a message,200,OK,Neo4j 1-1,text,true,,249,0,1,1,null,0,0,0
1734120705074,2,7 - Forum of a message,200,OK,Neo4j 1-1,text,true,,249,0,1,1,null,0,0,0
1734120705076,2,7 - Forum of a message,200,OK,Neo4j 1-1,text,true,,249,0,1,1,null,0,0,0
1734120705078,9,7 - Forum of a message,200,OK,Neo4j 1-1,text,true,,249,0,1,1,null,0,0,0
1734120705087,2,7 - Forum of a message,200,OK,Neo4j 1-1,text,true,,249,0,1,1,null,0,0,0
1734120705089,2,7 - Forum of a message,200,OK,Neo4j 1-1,text,true,,249,0,1,1,null,0,0,0
1734120705091,2,7 - Forum of a message,200,OK,Neo4j 1-1,text,true,,249,0,1,1,null,0,0,0
1734120705094,99,8 - Recent messages by your friends,200,OK,Neo4j 1-1,text,true,,249,0,1,1,null,0,0,0
1734120705193,50,8 - Recent messages by your friends,200,OK,Neo4j 1-1,text,true,,249,0,1,1,null,0,0,0
1734120705243,25,8 - Recent messages by your friends,200,OK,Neo4j 1-1,text,true,,249,0,1,1,null,0,0,0
1734120705268,22,8 - Recent messages by your friends,200,OK,Neo4j 1-1,text,true,,249,0,1,1,null,0,0,0
1734120705290,27,8 - Recent messages by your friends,200,OK,Neo4j 1-1,text,true,,249,0,1,1,null,0,0,0
1734120705318,12,8 - Recent messages by your friends,200,OK,Neo4j 1-1,text,true,,249,0,1,1,null,0,0,0
1734120705330,10,8 - Recent messages by your friends,200,OK,Neo4j 1-1,text,true,,249,0,1,1,null,0,0,0
1734120705340,11,8 - Recent messages by your friends,200,OK,Neo4j 1-1,text,true,,249,0,1,1,null,0,0,0
1734120705351,46,8 - Recent messages by your friends,200,OK,Neo4j 1-1,text,true,,249,0,1,1,null,0,0,0
1734120705397,28,8 - Recent messages by your friends,200,OK,Neo4j 1-1,text,true,,249,0,1,1,null,0,0,0
1734120705425,20,8 - Recent messages by your friends,200,OK,Neo4j 1-1,text,true,,249,0,1,1,null,0,0,0
1734120705446,17,8 - Recent messages by your friends,200,OK,Neo4j 1-1,text,true,,249,0,1,1,null,0,0,0
1734120705463,38,8 - Recent messages by your friends,200,OK,Neo4j 1-1,text,true,,249,0,1,1,null,0,0,0
1734120705502,26,8 - Recent messages by your friends,200,OK,Neo4j 1-1,text,true,,249,0,1,1,null,0,0,0
1734120705528,19,8 - Recent messages by your friends,200,OK,Neo4j 1-1,text,true,,249,0,1,1,null,0,0,0
1734120705547,16,8 - Recent messages by your friends,200,OK,Neo4j 1-1,text,true,,249,0,1,1,null,0,0,0
1734120705564,468,9 - Friends recommendation,200,OK,Neo4j 1-1,text,true,,249,0,1,1,null,0,0,0
1734120706032,163,9 - Friends recommendation,200,OK,Neo4j 1-1,text,true,,249,0,1,1,null,0,0,0
1734120706195,161,9 - Friends recommendation,200,OK,Neo4j 1-1,text,true,,249,0,1,1,null,0,0,0
1734120706356,153,9 - Friends recommendation,200,OK,Neo4j 1-1,text,true,,249,0,1,1,null,0,0,0
1734120706509,132,9 - Friends recommendation,200,OK,Neo4j 1-1,text,true,,249,0,1,1,null,0,0,0
1734120706641,90,9 - Friends recommendation,200,OK,Neo4j 1-1,text,true,,249,0,1,1,null,0,0,0
1734120706732,71,9 - Friends recommendation,200,OK,Neo4j 1-1,text,true,,249,0,1,1,null,0,0,0
1734120706803,64,9 - Friends recommendation,200,OK,Neo4j 1-1,text,true,,249,0,1,1,null,0,0,0
1734120706868,78,9 - Friends recommendation,200,OK,Neo4j 1-1,text,true,,249,0,1,1,null,0,0,0
1734120706947,42,9 - Friends recommendation,200,OK,Neo4j 1-1,text,true,,249,0,1,1,null,0,0,0
1734120706989,42,9 - Friends recommendation,200,OK,Neo4j 1-1,text,true,,249,0,1,1,null,0,0,0
1734120707031,41,9 - Friends recommendation,200,OK,Neo4j 1-1,text,true,,249,0,1,1,null,0,0,0
1734120707072,120,9 - Friends recommendation,200,OK,Neo4j 1-1,text,true,,249,0,1,1,null,0,0,0
1734120707192,92,9 - Friends recommendation,200,OK,Neo4j 1-1,text,true,,249,0,1,1,null,0,0,0
1734120707284,98,9 - Friends recommendation,200,OK,Neo4j 1-1,text,true,,249,0,1,1,null,0,0,0
1734120707382,89,9 - Friends recommendation,200,OK,Neo4j 1-1,text,true,,249,0,1,1,null,0,0,0
1734120707472,92,10 - Friends recommendation,200,OK,Neo4j 1-1,text,true,,249,0,1,1,null,0,0,0
1734120707564,3,10 - Friends recommendation,200,OK,Neo4j 1-1,text,true,,249,0,1,1,null,0,0,0
1734120707567,2,10 - Friends recommendation,200,OK,Neo4j 1-1,text,true,,249,0,1,1,null,0,0,0
1734120707569,2,10 - Friends recommendation,200,OK,Neo4j 1-1,text,true,,249,0,1,1,null,0,0,0
1734120707571,10,10 - Friends recommendation,200,OK,Neo4j 1-1,text,true,,249,0,1,1,null,0,0,0
1734120707581,2,10 - Friends recommendation,200,OK,Neo4j 1-1,text,true,,249,0,1,1,null,0,0,0
1734120707583,2,10 - Friends recommendation,200,OK,Neo4j 1-1,text,true,,249,0,1,1,null,0,0,0
1734120707585,2,10 - Friends recommendation,200,OK,Neo4j 1-1,text,true,,249,0,1,1,null,0,0,0
1734120707587,8,10 - Friends recommendation,200,OK,Neo4j 1-1,text,true,,249,0,1,1,null,0,0,0
1734120707595,2,10 - Friends recommendation,200,OK,Neo4j 1-1,text,true,,249,0,1,1,null,0,0,0
1734120707597,2,10 - Friends recommendation,200,OK,Neo4j 1-1,text,true,,249,0,1,1,null,0,0,0
1734120707599,1,10 - Friends recommendation,200,OK,Neo4j 1-1,text,true,,249,0,1,1,null,0,0,0
1734120707601,8,10 - Friends recommendation,200,OK,Neo4j 1-1,text,true,,249,0,1,1,null,0,0,0
1734120707609,2,10 - Friends recommendation,200,OK,Neo4j 1-1,text,true,,249,0,1,1,null,0,0,0
1734120707611,1,10 - Friends recommendation,200,OK,Neo4j 1-1,text,true,,249,0,1,1,null,0,0,0
1734120707613,1,10 - Friends recommendation,200,OK,Neo4j 1-1,text,true,,249,0,1,1,null,0,0,0
