timeStamp,elapsed,label,responseCode,responseMessage,threadName,dataType,success,failureMessage,bytes,sentBytes,grpThreads,allThreads,URL,Latency,IdleTime,Connect
1734109410605,1321,1 - Transitive friends - step 3,200,OK,Neo4j 1-1,text,true,,249,0,1,1,null,0,0,0
1734109411929,66,1 - Transitive friends - step 3,200,OK,Neo4j 1-1,text,true,,249,0,1,1,null,0,0,0
1734109411995,48,1 - Transitive friends - step 3,200,OK,Neo4j 1-1,text,true,,249,0,1,1,null,0,0,0
1734109412043,44,1 - Transitive friends - step 3,200,OK,Neo4j 1-1,text,true,,249,0,1,1,null,0,0,0
1734109412087,217,1 - Transitive friends - step 3,200,OK,Neo4j 1-1,text,true,,249,0,1,1,null,0,0,0
1734109412304,33,1 - Transitive friends - step 3,200,OK,Neo4j 1-1,text,true,,249,0,1,1,null,0,0,0
1734109412337,31,1 - Transitive friends - step 3,200,OK,Neo4j 1-1,text,true,,249,0,1,1,null,0,0,0
1734109412368,30,1 - Transitive friends - step 3,200,OK,Neo4j 1-1,text,true,,249,0,1,1,null,0,0,0
1734109412399,64,1 - Transitive friends - step 3,200,OK,Neo4j 1-1,text,true,,249,0,1,1,null,0,0,0
1734109412463,28,1 - Transitive friends - step 3,200,OK,Neo4j 1-1,text,true,,249,0,1,1,null,0,0,0
1734109412492,28,1 - Transitive friends - step 3,200,OK,Neo4j 1-1,text,true,,249,0,1,1,null,0,0,0
1734109412520,28,1 - Transitive friends - step 3,200,OK,Neo4j 1-1,text,true,,249,0,1,1,null,0,0,0
1734109412548,52,1 - Transitive friends - step 3,200,OK,Neo4j 1-1,text,true,,249,0,1,1,null,0,0,0
1734109412600,19,1 - Transitive friends - step 3,200,OK,Neo4j 1-1,text,true,,249,0,1,1,null,0,0,0
1734109412619,19,1 - Transitive friends - step 3,200,OK,Neo4j 1-1,text,true,,249,0,1,1,null,0,0,0
1734109412638,18,1 - Transitive friends - step 3,200,OK,Neo4j 1-1,text,true,,249,0,1,1,null,0,0,0
1734109412723,291,2 - Transitive friends - step 4,200,OK,Neo4j 1-1,text,true,,249,0,1,1,null,0,0,0
1734109413014,56,2 - Transitive friends - step 4,200,OK,Neo4j 1-1,text,true,,249,0,1,1,null,0,0,0
1734109413070,55,2 - Transitive friends - step 4,200,OK,Neo4j 1-1,text,true,,249,0,1,1,null,0,0,0
1734109413125,51,2 - Transitive friends - step 4,200,OK,Neo4j 1-1,text,true,,249,0,1,1,null,0,0,0
1734109413176,160,2 - Transitive friends - step 4,200,OK,Neo4j 1-1,text,true,,249,0,1,1,null,0,0,0
1734109413336,38,2 - Transitive friends - step 4,200,OK,Neo4j 1-1,text,true,,249,0,1,1,null,0,0,0
1734109413374,37,2 - Transitive friends - step 4,200,OK,Neo4j 1-1,text,true,,249,0,1,1,null,0,0,0
1734109413411,36,2 - Transitive friends - step 4,200,OK,Neo4j 1-1,text,true,,249,0,1,1,null,0,0,0
1734109413447,70,2 - Transitive friends - step 4,200,OK,Neo4j 1-1,text,true,,249,0,1,1,null,0,0,0
1734109413517,47,2 - Transitive friends - step 4,200,OK,Neo4j 1-1,text,true,,249,0,1,1,null,0,0,0
1734109413564,46,2 - Transitive friends - step 4,200,OK,Neo4j 1-1,text,true,,249,0,1,1,null,0,0,0
1734109413611,46,2 - Transitive friends - step 4,200,OK,Neo4j 1-1,text,true,,249,0,1,1,null,0,0,0
1734109413658,52,2 - Transitive friends - step 4,200,OK,Neo4j 1-1,text,true,,249,0,1,1,null,0,0,0
1734109413711,29,2 - Transitive friends - step 4,200,OK,Neo4j 1-1,text,true,,249,0,1,1,null,0,0,0
1734109413741,30,2 - Transitive friends - step 4,200,OK,Neo4j 1-1,text,true,,249,0,1,1,null,0,0,0
1734109413771,30,2 - Transitive friends - step 4,200,OK,Neo4j 1-1,text,true,,249,0,1,1,null,0,0,0
1734109413802,188,3 - Transitive friends - step 5,200,OK,Neo4j 1-1,text,true,,249,0,1,1,null,0,0,0
1734109413990,57,3 - Transitive friends - step 5,200,OK,Neo4j 1-1,text,true,,249,0,1,1,null,0,0,0
1734109414047,55,3 - Transitive friends - step 5,200,OK,Neo4j 1-1,text,true,,249,0,1,1,null,0,0,0
1734109414102,49,3 - Transitive friends - step 5,200,OK,Neo4j 1-1,text,true,,249,0,1,1,null,0,0,0
1734109414151,132,3 - Transitive friends - step 5,200,OK,Neo4j 1-1,text,true,,249,0,1,1,null,0,0,0
1734109414283,35,3 - Transitive friends - step 5,200,OK,Neo4j 1-1,text,true,,249,0,1,1,null,0,0,0
1734109414319,40,3 - Transitive friends - step 5,200,OK,Neo4j 1-1,text,true,,249,0,1,1,null,0,0,0
1734109414359,35,3 - Transitive friends - step 5,200,OK,Neo4j 1-1,text,true,,249,0,1,1,null,0,0,0
1734109414394,69,3 - Transitive friends - step 5,200,OK,Neo4j 1-1,text,true,,249,0,1,1,null,0,0,0
1734109414463,49,3 - Transitive friends - step 5,200,OK,Neo4j 1-1,text,true,,249,0,1,1,null,0,0,0
1734109414512,52,3 - Transitive friends - step 5,200,OK,Neo4j 1-1,text,true,,249,0,1,1,null,0,0,0
1734109414564,48,3 - Transitive friends - step 5,200,OK,Neo4j 1-1,text,true,,249,0,1,1,null,0,0,0
1734109414612,51,3 - Transitive friends - step 5,200,OK,Neo4j 1-1,text,true,,249,0,1,1,null,0,0,0
1734109414663,31,3 - Transitive friends - step 5,200,OK,Neo4j 1-1,text,true,,249,0,1,1,null,0,0,0
1734109414694,31,3 - Transitive friends - step 5,200,OK,Neo4j 1-1,text,true,,249,0,1,1,null,0,0,0
1734109414726,33,3 - Transitive friends - step 5,200,OK,Neo4j 1-1,text,true,,249,0,1,1,null,0,0,0
1734109414759,2415,4 - Friends and fof that have been to countries,200,OK,Neo4j 1-1,text,true,,249,0,1,1,null,0,0,0
1734109417174,1710,4 - Friends and fof that have been to countries,200,OK,Neo4j 1-1,text,true,,249,0,1,1,null,0,0,0
1734109418884,1649,4 - Friends and fof that have been to countries,200,OK,Neo4j 1-1,text,true,,249,0,1,1,null,0,0,0
1734109420533,1621,4 - Friends and fof that have been to countries,200,OK,Neo4j 1-1,text,true,,249,0,1,1,null,0,0,0
1734109422155,1238,4 - Friends and fof that have been to countries,200,OK,Neo4j 1-1,text,true,,249,0,1,1,null,0,0,0
1734109423393,1201,4 - Friends and fof that have been to countries,200,OK,Neo4j 1-1,text,true,,249,0,1,1,null,0,0,0
1734109424594,1208,4 - Friends and fof that have been to countries,200,OK,Neo4j 1-1,text,true,,249,0,1,1,null,0,0,0
1734109425802,1190,4 - Friends and fof that have been to countries,200,OK,Neo4j 1-1,text,true,,249,0,1,1,null,0,0,0
1734109426992,232,4 - Friends and fof that have been to countries,200,OK,Neo4j 1-1,text,true,,249,0,1,1,null,0,0,0
1734109427224,202,4 - Friends and fof that have been to countries,200,OK,Neo4j 1-1,text,true,,249,0,1,1,null,0,0,0
1734109427427,200,4 - Friends and fof that have been to countries,200,OK,Neo4j 1-1,text,true,,249,0,1,1,null,0,0,0
1734109427628,201,4 - Friends and fof that have been to countries,200,OK,Neo4j 1-1,text,true,,249,0,1,1,null,0,0,0
1734109427829,444,4 - Friends and fof that have been to countries,200,OK,Neo4j 1-1,text,true,,249,0,1,1,null,0,0,0
1734109428273,412,4 - Friends and fof that have been to countries,200,OK,Neo4j 1-1,text,true,,249,0,1,1,null,0,0,0
1734109428686,417,4 - Friends and fof that have been to countries,200,OK,Neo4j 1-1,text,true,,249,0,1,1,null,0,0,0
1734109429103,418,4 - Friends and fof that have been to countries,200,OK,Neo4j 1-1,text,true,,249,0,1,1,null,0,0,0
1734109429522,109,5 - Shortest path,200,OK,Neo4j 1-1,text,true,,249,0,1,1,null,0,0,0
1734109429631,5,5 - Shortest path,200,OK,Neo4j 1-1,text,true,,249,0,1,1,null,0,0,0
1734109429636,3,5 - Shortest path,200,OK,Neo4j 1-1,text,true,,249,0,1,1,null,0,0,0
1734109429640,3,5 - Shortest path,200,OK,Neo4j 1-1,text,true,,249,0,1,1,null,0,0,0
1734109429643,11,5 - Shortest path,200,OK,Neo4j 1-1,text,true,,249,0,1,1,null,0,0,0
1734109429654,4,5 - Shortest path,200,OK,Neo4j 1-1,text,true,,249,0,1,1,null,0,0,0
1734109429658,3,5 - Shortest path,200,OK,Neo4j 1-1,text,true,,249,0,1,1,null,0,0,0
1734109429662,3,5 - Shortest path,200,OK,Neo4j 1-1,text,true,,249,0,1,1,null,0,0,0
1734109429665,10,5 - Shortest path,200,OK,Neo4j 1-1,text,true,,249,0,1,1,null,0,0,0
1734109429676,4,5 - Shortest path,200,OK,Neo4j 1-1,text,true,,249,0,1,1,null,0,0,0
1734109429680,3,5 - Shortest path,200,OK,Neo4j 1-1,text,true,,249,0,1,1,null,0,0,0
1734109429684,3,5 - Shortest path,200,OK,Neo4j 1-1,text,true,,249,0,1,1,null,0,0,0
1734109429687,10,5 - Shortest path,200,OK,Neo4j 1-1,text,true,,249,0,1,1,null,0,0,0
1734109429698,4,5 - Shortest path,200,OK,Neo4j 1-1,text,true,,249,0,1,1,null,0,0,0
1734109429702,3,5 - Shortest path,200,OK,Neo4j 1-1,text,true,,249,0,1,1,null,0,0,0
1734109429705,4,5 - Shortest path,200,OK,Neo4j 1-1,text,true,,249,0,1,1,null,0,0,0
1734109429709,1944,6.0 - K shortest paths - Create graph,200,OK,Neo4j 1-1,text,true,,249,0,1,1,null,0,0,0
1734109431654,282,6.1 - K shortest paths,200,OK,Neo4j 1-1,text,true,,249,0,1,1,null,0,0,0
1734109431937,76,6.1 - K shortest paths,200,OK,Neo4j 1-1,text,true,,249,0,1,1,null,0,0,0
1734109432013,76,6.1 - K shortest paths,200,OK,Neo4j 1-1,text,true,,249,0,1,1,null,0,0,0
1734109432089,57,6.1 - K shortest paths,200,OK,Neo4j 1-1,text,true,,249,0,1,1,null,0,0,0
1734109432146,102,6.1 - K shortest paths,200,OK,Neo4j 1-1,text,true,,249,0,1,1,null,0,0,0
1734109432249,106,6.1 - K shortest paths,200,OK,Neo4j 1-1,text,true,,249,0,1,1,null,0,0,0
1734109432355,88,6.1 - K shortest paths,200,OK,Neo4j 1-1,text,true,,249,0,1,1,null,0,0,0
1734109432443,86,6.1 - K shortest paths,200,OK,Neo4j 1-1,text,true,,249,0,1,1,null,0,0,0
1734109432530,70,6.1 - K shortest paths,200,OK,Neo4j 1-1,text,true,,249,0,1,1,null,0,0,0
1734109432600,59,6.1 - K shortest paths,200,OK,Neo4j 1-1,text,true,,249,0,1,1,null,0,0,0
1734109432659,60,6.1 - K shortest paths,200,OK,Neo4j 1-1,text,true,,249,0,1,1,null,0,0,0
1734109432719,59,6.1 - K shortest paths,200,OK,Neo4j 1-1,text,true,,249,0,1,1,null,0,0,0
1734109432778,78,6.1 - K shortest paths,200,OK,Neo4j 1-1,text,true,,249,0,1,1,null,0,0,0
1734109432856,66,6.1 - K shortest paths,200,OK,Neo4j 1-1,text,true,,249,0,1,1,null,0,0,0
1734109432922,71,6.1 - K shortest paths,200,OK,Neo4j 1-1,text,true,,249,0,1,1,null,0,0,0
1734109432993,67,6.1 - K shortest paths,200,OK,Neo4j 1-1,text,true,,249,0,1,1,null,0,0,0
1734109433060,34,6.2 - K Shortest paths - Drop graph,200,OK,Neo4j 1-1,text,true,,249,0,1,1,null,0,0,0
1734109433094,126,7 - Forum of a message,200,OK,Neo4j 1-1,text,true,,249,0,1,1,null,0,0,0
1734109433220,4,7 - Forum of a message,200,OK,Neo4j 1-1,text,true,,249,0,1,1,null,0,0,0
1734109433225,4,7 - Forum of a message,200,OK,Neo4j 1-1,text,true,,249,0,1,1,null,0,0,0
1734109433229,4,7 - Forum of a message,200,OK,Neo4j 1-1,text,true,,249,0,1,1,null,0,0,0
1734109433233,15,7 - Forum of a message,200,OK,Neo4j 1-1,text,true,,249,0,1,1,null,0,0,0
1734109433249,3,7 - Forum of a message,200,OK,Neo4j 1-1,text,true,,249,0,1,1,null,0,0,0
1734109433252,4,7 - Forum of a message,200,OK,Neo4j 1-1,text,true,,249,0,1,1,null,0,0,0
1734109433256,4,7 - Forum of a message,200,OK,Neo4j 1-1,text,true,,249,0,1,1,null,0,0,0
1734109433260,15,7 - Forum of a message,200,OK,Neo4j 1-1,text,true,,249,0,1,1,null,0,0,0
1734109433276,3,7 - Forum of a message,200,OK,Neo4j 1-1,text,true,,249,0,1,1,null,0,0,0
1734109433279,4,7 - Forum of a message,200,OK,Neo4j 1-1,text,true,,249,0,1,1,null,0,0,0
1734109433283,3,7 - Forum of a message,200,OK,Neo4j 1-1,text,true,,249,0,1,1,null,0,0,0
1734109433286,14,7 - Forum of a message,200,OK,Neo4j 1-1,text,true,,249,0,1,1,null,0,0,0
1734109433300,4,7 - Forum of a message,200,OK,Neo4j 1-1,text,true,,249,0,1,1,null,0,0,0
1734109433304,3,7 - Forum of a message,200,OK,Neo4j 1-1,text,true,,249,0,1,1,null,0,0,0
1734109433307,3,7 - Forum of a message,200,OK,Neo4j 1-1,text,true,,249,0,1,1,null,0,0,0
1734109433311,127,8 - Recent messages by your friends,200,OK,Neo4j 1-1,text,true,,249,0,1,1,null,0,0,0
1734109433438,55,8 - Recent messages by your friends,200,OK,Neo4j 1-1,text,true,,249,0,1,1,null,0,0,0
1734109433493,39,8 - Recent messages by your friends,200,OK,Neo4j 1-1,text,true,,249,0,1,1,null,0,0,0
1734109433532,39,8 - Recent messages by your friends,200,OK,Neo4j 1-1,text,true,,249,0,1,1,null,0,0,0
1734109433571,28,8 - Recent messages by your friends,200,OK,Neo4j 1-1,text,true,,249,0,1,1,null,0,0,0
1734109433599,32,8 - Recent messages by your friends,200,OK,Neo4j 1-1,text,true,,249,0,1,1,null,0,0,0
1734109433631,21,8 - Recent messages by your friends,200,OK,Neo4j 1-1,text,true,,249,0,1,1,null,0,0,0
1734109433653,25,8 - Recent messages by your friends,200,OK,Neo4j 1-1,text,true,,249,0,1,1,null,0,0,0
1734109433678,80,8 - Recent messages by your friends,200,OK,Neo4j 1-1,text,true,,249,0,1,1,null,0,0,0
1734109433758,38,8 - Recent messages by your friends,200,OK,Neo4j 1-1,text,true,,249,0,1,1,null,0,0,0
1734109433796,36,8 - Recent messages by your friends,200,OK,Neo4j 1-1,text,true,,249,0,1,1,null,0,0,0
1734109433833,39,8 - Recent messages by your friends,200,OK,Neo4j 1-1,text,true,,249,0,1,1,null,0,0,0
1734109433872,48,8 - Recent messages by your friends,200,OK,Neo4j 1-1,text,true,,249,0,1,1,null,0,0,0
1734109433921,40,8 - Recent messages by your friends,200,OK,Neo4j 1-1,text,true,,249,0,1,1,null,0,0,0
1734109433961,35,8 - Recent messages by your friends,200,OK,Neo4j 1-1,text,true,,249,0,1,1,null,0,0,0
1734109433997,33,8 - Recent messages by your friends,200,OK,Neo4j 1-1,text,true,,249,0,1,1,null,0,0,0
1734109434031,633,9 - Friends recommendation,200,OK,Neo4j 1-1,text,true,,249,0,1,1,null,0,0,0
1734109434664,230,9 - Friends recommendation,200,OK,Neo4j 1-1,text,true,,249,0,1,1,null,0,0,0
1734109434895,177,9 - Friends recommendation,200,OK,Neo4j 1-1,text,true,,249,0,1,1,null,0,0,0
1734109435072,155,9 - Friends recommendation,200,OK,Neo4j 1-1,text,true,,249,0,1,1,null,0,0,0
1734109435227,147,9 - Friends recommendation,200,OK,Neo4j 1-1,text,true,,249,0,1,1,null,0,0,0
1734109435374,116,9 - Friends recommendation,200,OK,Neo4j 1-1,text,true,,249,0,1,1,null,0,0,0
1734109435490,114,9 - Friends recommendation,200,OK,Neo4j 1-1,text,true,,249,0,1,1,null,0,0,0
1734109435605,110,9 - Friends recommendation,200,OK,Neo4j 1-1,text,true,,249,0,1,1,null,0,0,0
1734109435715,100,9 - Friends recommendation,200,OK,Neo4j 1-1,text,true,,249,0,1,1,null,0,0,0
1734109435815,76,9 - Friends recommendation,200,OK,Neo4j 1-1,text,true,,249,0,1,1,null,0,0,0
1734109435892,77,9 - Friends recommendation,200,OK,Neo4j 1-1,text,true,,249,0,1,1,null,0,0,0
1734109435969,76,9 - Friends recommendation,200,OK,Neo4j 1-1,text,true,,249,0,1,1,null,0,0,0
1734109436046,150,9 - Friends recommendation,200,OK,Neo4j 1-1,text,true,,249,0,1,1,null,0,0,0
1734109436196,126,9 - Friends recommendation,200,OK,Neo4j 1-1,text,true,,249,0,1,1,null,0,0,0
1734109436322,122,9 - Friends recommendation,200,OK,Neo4j 1-1,text,true,,249,0,1,1,null,0,0,0
1734109436444,123,9 - Friends recommendation,200,OK,Neo4j 1-1,text,true,,249,0,1,1,null,0,0,0
1734109436567,109,10 - Friends recommendation,200,OK,Neo4j 1-1,text,true,,249,0,1,1,null,0,0,0
1734109436676,4,10 - Friends recommendation,200,OK,Neo4j 1-1,text,true,,249,0,1,1,null,0,0,0
1734109436680,5,10 - Friends recommendation,200,OK,Neo4j 1-1,text,true,,249,0,1,1,null,0,0,0
1734109436685,3,10 - Friends recommendation,200,OK,Neo4j 1-1,text,true,,249,0,1,1,null,0,0,0
1734109436688,13,10 - Friends recommendation,200,OK,Neo4j 1-1,text,true,,249,0,1,1,null,0,0,0
1734109436701,4,10 - Friends recommendation,200,OK,Neo4j 1-1,text,true,,249,0,1,1,null,0,0,0
1734109436705,4,10 - Friends recommendation,200,OK,Neo4j 1-1,text,true,,249,0,1,1,null,0,0,0
1734109436709,4,10 - Friends recommendation,200,OK,Neo4j 1-1,text,true,,249,0,1,1,null,0,0,0
1734109436713,13,10 - Friends recommendation,200,OK,Neo4j 1-1,text,true,,249,0,1,1,null,0,0,0
1734109436726,4,10 - Friends recommendation,200,OK,Neo4j 1-1,text,true,,249,0,1,1,null,0,0,0
1734109436730,4,10 - Friends recommendation,200,OK,Neo4j 1-1,text,true,,249,0,1,1,null,0,0,0
1734109436734,4,10 - Friends recommendation,200,OK,Neo4j 1-1,text,true,,249,0,1,1,null,0,0,0
1734109436738,13,10 - Friends recommendation,200,OK,Neo4j 1-1,text,true,,249,0,1,1,null,0,0,0
1734109436751,3,10 - Friends recommendation,200,OK,Neo4j 1-1,text,true,,249,0,1,1,null,0,0,0
1734109436754,3,10 - Friends recommendation,200,OK,Neo4j 1-1,text,true,,249,0,1,1,null,0,0,0
1734109436757,3,10 - Friends recommendation,200,OK,Neo4j 1-1,text,true,,249,0,1,1,null,0,0,0
