timeStamp,elapsed,label,responseCode,responseMessage,threadName,dataType,success,failureMessage,bytes,sentBytes,grpThreads,allThreads,URL,Latency,IdleTime,Connect
1734072420425,32,1 - Transitive friends - step 3,200,OK,Postgres 1-1,text,true,,111,0,1,1,null,31,0,0
1734072420466,4,1 - Transitive friends - step 3,200,OK,Postgres 1-1,text,true,,111,0,1,1,null,3,0,0
1734072420470,3,1 - Transitive friends - step 3,200,OK,Postgres 1-1,text,true,,111,0,1,1,null,2,0,0
1734072420473,2,1 - Transitive friends - step 3,200,OK,Postgres 1-1,text,true,,111,0,1,1,null,2,0,0
1734072420476,3,1 - Transitive friends - step 3,200,OK,Postgres 1-1,text,true,,111,0,1,1,null,3,0,0
1734072420479,3,1 - Transitive friends - step 3,200,OK,Postgres 1-1,text,true,,111,0,1,1,null,3,0,0
1734072420482,3,1 - Transitive friends - step 3,200,OK,Postgres 1-1,text,true,,111,0,1,1,null,3,0,0
1734072420485,3,1 - Transitive friends - step 3,200,OK,Postgres 1-1,text,true,,111,0,1,1,null,3,0,0
1734072420488,4,1 - Transitive friends - step 3,200,OK,Postgres 1-1,text,true,,111,0,1,1,null,4,0,0
1734072420492,4,1 - Transitive friends - step 3,200,OK,Postgres 1-1,text,true,,111,0,1,1,null,3,0,0
1734072420496,3,1 - Transitive friends - step 3,200,OK,Postgres 1-1,text,true,,111,0,1,1,null,3,0,0
1734072420499,3,1 - Transitive friends - step 3,200,OK,Postgres 1-1,text,true,,111,0,1,1,null,3,0,0
1734072420502,3,1 - Transitive friends - step 3,200,OK,Postgres 1-1,text,true,,111,0,1,1,null,3,0,0
1734072420506,2,1 - Transitive friends - step 3,200,OK,Postgres 1-1,text,true,,111,0,1,1,null,2,0,0
1734072420508,3,1 - Transitive friends - step 3,200,OK,Postgres 1-1,text,true,,111,0,1,1,null,3,0,0
1734072420511,3,1 - Transitive friends - step 3,200,OK,Postgres 1-1,text,true,,111,0,1,1,null,3,0,0
1734072420514,3,2 - Transitive friends - step 4,200,OK,Postgres 1-1,text,true,,111,0,1,1,null,3,0,0
1734072420517,3,2 - Transitive friends - step 4,200,OK,Postgres 1-1,text,true,,111,0,1,1,null,3,0,0
1734072420520,2,2 - Transitive friends - step 4,200,OK,Postgres 1-1,text,true,,111,0,1,1,null,2,0,0
1734072420522,3,2 - Transitive friends - step 4,200,OK,Postgres 1-1,text,true,,111,0,1,1,null,3,0,0
1734072420525,3,2 - Transitive friends - step 4,200,OK,Postgres 1-1,text,true,,111,0,1,1,null,3,0,0
1734072420528,3,2 - Transitive friends - step 4,200,OK,Postgres 1-1,text,true,,111,0,1,1,null,3,0,0
1734072420531,2,2 - Transitive friends - step 4,200,OK,Postgres 1-1,text,true,,111,0,1,1,null,2,0,0
1734072420533,3,2 - Transitive friends - step 4,200,OK,Postgres 1-1,text,true,,111,0,1,1,null,3,0,0
1734072420536,3,2 - Transitive friends - step 4,200,OK,Postgres 1-1,text,true,,111,0,1,1,null,3,0,0
1734072420539,3,2 - Transitive friends - step 4,200,OK,Postgres 1-1,text,true,,111,0,1,1,null,3,0,0
1734072420542,3,2 - Transitive friends - step 4,200,OK,Postgres 1-1,text,true,,111,0,1,1,null,3,0,0
1734072420545,3,2 - Transitive friends - step 4,200,OK,Postgres 1-1,text,true,,111,0,1,1,null,3,0,0
1734072420548,3,2 - Transitive friends - step 4,200,OK,Postgres 1-1,text,true,,111,0,1,1,null,3,0,0
1734072420551,3,2 - Transitive friends - step 4,200,OK,Postgres 1-1,text,true,,111,0,1,1,null,3,0,0
1734072420554,2,2 - Transitive friends - step 4,200,OK,Postgres 1-1,text,true,,111,0,1,1,null,2,0,0
1734072420556,3,2 - Transitive friends - step 4,200,OK,Postgres 1-1,text,true,,111,0,1,1,null,3,0,0
1734072420560,3,3 - Transitive friends - step 5,200,OK,Postgres 1-1,text,true,,111,0,1,1,null,3,0,0
1734072420563,3,3 - Transitive friends - step 5,200,OK,Postgres 1-1,text,true,,111,0,1,1,null,3,0,0
1734072420566,2,3 - Transitive friends - step 5,200,OK,Postgres 1-1,text,true,,111,0,1,1,null,2,0,0
1734072420569,2,3 - Transitive friends - step 5,200,OK,Postgres 1-1,text,true,,111,0,1,1,null,2,0,0
1734072420571,3,3 - Transitive friends - step 5,200,OK,Postgres 1-1,text,true,,111,0,1,1,null,3,0,0
1734072420574,3,3 - Transitive friends - step 5,200,OK,Postgres 1-1,text,true,,111,0,1,1,null,3,0,0
1734072420577,3,3 - Transitive friends - step 5,200,OK,Postgres 1-1,text,true,,111,0,1,1,null,3,0,0
1734072420580,2,3 - Transitive friends - step 5,200,OK,Postgres 1-1,text,true,,111,0,1,1,null,2,0,0
1734072420582,3,3 - Transitive friends - step 5,200,OK,Postgres 1-1,text,true,,111,0,1,1,null,3,0,0
1734072420586,2,3 - Transitive friends - step 5,200,OK,Postgres 1-1,text,true,,111,0,1,1,null,2,0,0
1734072420588,4,3 - Transitive friends - step 5,200,OK,Postgres 1-1,text,true,,111,0,1,1,null,3,0,1
1734072420592,3,3 - Transitive friends - step 5,200,OK,Postgres 1-1,text,true,,111,0,1,1,null,3,0,0
1734072420595,3,3 - Transitive friends - step 5,200,OK,Postgres 1-1,text,true,,111,0,1,1,null,3,0,0
1734072420598,2,3 - Transitive friends - step 5,200,OK,Postgres 1-1,text,true,,111,0,1,1,null,2,0,0
1734072420600,3,3 - Transitive friends - step 5,200,OK,Postgres 1-1,text,true,,111,0,1,1,null,3,0,0
1734072420603,2,3 - Transitive friends - step 5,200,OK,Postgres 1-1,text,true,,111,0,1,1,null,2,0,0
1734072420606,7,4 - Friends and fof that have been to countries,200,OK,Postgres 1-1,text,true,,51,0,1,1,null,7,0,0
1734072420613,4,4 - Friends and fof that have been to countries,200,OK,Postgres 1-1,text,true,,51,0,1,1,null,4,0,0
1734072420617,3,4 - Friends and fof that have been to countries,200,OK,Postgres 1-1,text,true,,51,0,1,1,null,3,0,0
1734072420621,3,4 - Friends and fof that have been to countries,200,OK,Postgres 1-1,text,true,,51,0,1,1,null,3,0,0
1734072420624,4,4 - Friends and fof that have been to countries,200,OK,Postgres 1-1,text,true,,51,0,1,1,null,4,0,0
1734072420628,3,4 - Friends and fof that have been to countries,200,OK,Postgres 1-1,text,true,,51,0,1,1,null,3,0,0
1734072420631,4,4 - Friends and fof that have been to countries,200,OK,Postgres 1-1,text,true,,51,0,1,1,null,4,0,0
1734072420635,3,4 - Friends and fof that have been to countries,200,OK,Postgres 1-1,text,true,,51,0,1,1,null,3,0,0
1734072420639,3,4 - Friends and fof that have been to countries,200,OK,Postgres 1-1,text,true,,51,0,1,1,null,3,0,0
1734072420642,4,4 - Friends and fof that have been to countries,200,OK,Postgres 1-1,text,true,,51,0,1,1,null,4,0,0
1734072420646,4,4 - Friends and fof that have been to countries,200,OK,Postgres 1-1,text,true,,51,0,1,1,null,3,0,0
1734072420650,3,4 - Friends and fof that have been to countries,200,OK,Postgres 1-1,text,true,,51,0,1,1,null,3,0,0
1734072420653,4,4 - Friends and fof that have been to countries,200,OK,Postgres 1-1,text,true,,51,0,1,1,null,4,0,0
1734072420657,4,4 - Friends and fof that have been to countries,200,OK,Postgres 1-1,text,true,,51,0,1,1,null,4,0,0
1734072420661,3,4 - Friends and fof that have been to countries,200,OK,Postgres 1-1,text,true,,51,0,1,1,null,3,0,0
1734072420664,4,4 - Friends and fof that have been to countries,200,OK,Postgres 1-1,text,true,,51,0,1,1,null,4,0,0
1734072420668,161,5 - Shortest path,200,OK,Postgres 1-1,text,true,,16,0,1,1,null,161,0,0
1734072420829,140,5 - Shortest path,200,OK,Postgres 1-1,text,true,,16,0,1,1,null,140,0,0
1734072420969,139,5 - Shortest path,200,OK,Postgres 1-1,text,true,,16,0,1,1,null,139,0,0
1734072421108,139,5 - Shortest path,200,OK,Postgres 1-1,text,true,,16,0,1,1,null,139,0,0
1734072421247,133,5 - Shortest path,200,OK,Postgres 1-1,text,true,,16,0,1,1,null,133,0,0
1734072421380,132,5 - Shortest path,200,OK,Postgres 1-1,text,true,,16,0,1,1,null,132,0,0
1734072421513,132,5 - Shortest path,200,OK,Postgres 1-1,text,true,,16,0,1,1,null,132,0,0
1734072421645,148,5 - Shortest path,200,OK,Postgres 1-1,text,true,,16,0,1,1,null,148,0,0
1734072421793,133,5 - Shortest path,200,OK,Postgres 1-1,text,true,,16,0,1,1,null,133,0,0
1734072421926,133,5 - Shortest path,200,OK,Postgres 1-1,text,true,,16,0,1,1,null,133,0,0
1734072422059,132,5 - Shortest path,200,OK,Postgres 1-1,text,true,,16,0,1,1,null,132,0,0
1734072422191,132,5 - Shortest path,200,OK,Postgres 1-1,text,true,,16,0,1,1,null,132,0,0
1734072422323,132,5 - Shortest path,200,OK,Postgres 1-1,text,true,,16,0,1,1,null,132,0,0
1734072422455,133,5 - Shortest path,200,OK,Postgres 1-1,text,true,,16,0,1,1,null,133,0,0
1734072422588,132,5 - Shortest path,200,OK,Postgres 1-1,text,true,,16,0,1,1,null,132,0,0
1734072422720,142,5 - Shortest path,200,OK,Postgres 1-1,text,true,,16,0,1,1,null,141,0,0
1734072422862,133,6 - k Shortest paths,200,OK,Postgres 1-1,text,true,,19,0,1,1,null,133,0,0
1734072422995,130,6 - k Shortest paths,200,OK,Postgres 1-1,text,true,,19,0,1,1,null,130,0,0
1734072423125,132,6 - k Shortest paths,200,OK,Postgres 1-1,text,true,,19,0,1,1,null,132,0,0
1734072423257,132,6 - k Shortest paths,200,OK,Postgres 1-1,text,true,,19,0,1,1,null,132,0,0
1734072423389,132,6 - k Shortest paths,200,OK,Postgres 1-1,text,true,,19,0,1,1,null,132,0,0
1734072423522,132,6 - k Shortest paths,200,OK,Postgres 1-1,text,true,,19,0,1,1,null,132,0,0
1734072423654,144,6 - k Shortest paths,200,OK,Postgres 1-1,text,true,,19,0,1,1,null,144,0,0
1734072423798,127,6 - k Shortest paths,200,OK,Postgres 1-1,text,true,,19,0,1,1,null,127,0,0
1734072423925,130,6 - k Shortest paths,200,OK,Postgres 1-1,text,true,,19,0,1,1,null,130,0,0
1734072424055,125,6 - k Shortest paths,200,OK,Postgres 1-1,text,true,,19,0,1,1,null,125,0,0
1734072424180,125,6 - k Shortest paths,200,OK,Postgres 1-1,text,true,,19,0,1,1,null,125,0,0
1734072424305,126,6 - k Shortest paths,200,OK,Postgres 1-1,text,true,,19,0,1,1,null,126,0,0
1734072424431,126,6 - k Shortest paths,200,OK,Postgres 1-1,text,true,,19,0,1,1,null,126,0,0
1734072424558,125,6 - k Shortest paths,200,OK,Postgres 1-1,text,true,,19,0,1,1,null,125,0,0
1734072424683,140,6 - k Shortest paths,200,OK,Postgres 1-1,text,true,,19,0,1,1,null,139,0,0
1734072424823,126,6 - k Shortest paths,200,OK,Postgres 1-1,text,true,,19,0,1,1,null,126,0,0
1734072424950,4,7 - Forum of a message,200,OK,Postgres 1-1,text,true,,75,0,1,1,null,4,0,0
1734072424954,1,7 - Forum of a message,200,OK,Postgres 1-1,text,true,,75,0,1,1,null,1,0,0
1734072424955,0,7 - Forum of a message,200,OK,Postgres 1-1,text,true,,75,0,1,1,null,0,0,0
1734072424955,1,7 - Forum of a message,200,OK,Postgres 1-1,text,true,,75,0,1,1,null,1,0,0
1734072424956,1,7 - Forum of a message,200,OK,Postgres 1-1,text,true,,75,0,1,1,null,1,0,0
1734072424957,0,7 - Forum of a message,200,OK,Postgres 1-1,text,true,,75,0,1,1,null,0,0,0
1734072424958,0,7 - Forum of a message,200,OK,Postgres 1-1,text,true,,75,0,1,1,null,0,0,0
1734072424958,0,7 - Forum of a message,200,OK,Postgres 1-1,text,true,,75,0,1,1,null,0,0,0
1734072424959,0,7 - Forum of a message,200,OK,Postgres 1-1,text,true,,75,0,1,1,null,0,0,0
1734072424959,1,7 - Forum of a message,200,OK,Postgres 1-1,text,true,,75,0,1,1,null,0,0,0
1734072424960,0,7 - Forum of a message,200,OK,Postgres 1-1,text,true,,75,0,1,1,null,0,0,0
1734072424960,1,7 - Forum of a message,200,OK,Postgres 1-1,text,true,,75,0,1,1,null,1,0,0
1734072424961,0,7 - Forum of a message,200,OK,Postgres 1-1,text,true,,75,0,1,1,null,0,0,0
1734072424961,1,7 - Forum of a message,200,OK,Postgres 1-1,text,true,,75,0,1,1,null,1,0,0
1734072424962,0,7 - Forum of a message,200,OK,Postgres 1-1,text,true,,75,0,1,1,null,0,0,0
1734072424962,1,7 - Forum of a message,200,OK,Postgres 1-1,text,true,,75,0,1,1,null,1,0,0
1734072424963,188,8 - Recent messages by your friends,200,OK,Postgres 1-1,text,true,,2060,0,1,1,null,186,0,0
1734072425152,185,8 - Recent messages by your friends,200,OK,Postgres 1-1,text,true,,2060,0,1,1,null,184,0,0
1734072425337,193,8 - Recent messages by your friends,200,OK,Postgres 1-1,text,true,,2060,0,1,1,null,192,0,0
1734072425530,214,8 - Recent messages by your friends,200,OK,Postgres 1-1,text,true,,2060,0,1,1,null,213,0,0
1734072425744,54,8 - Recent messages by your friends,200,OK,Postgres 1-1,text,true,,61,0,1,1,null,54,0,1
1734072425798,51,8 - Recent messages by your friends,200,OK,Postgres 1-1,text,true,,61,0,1,1,null,51,0,0
1734072425849,53,8 - Recent messages by your friends,200,OK,Postgres 1-1,text,true,,61,0,1,1,null,53,0,0
1734072425902,51,8 - Recent messages by your friends,200,OK,Postgres 1-1,text,true,,61,0,1,1,null,51,0,0
1734072425954,54,8 - Recent messages by your friends,200,OK,Postgres 1-1,text,true,,61,0,1,1,null,54,0,0
1734072426008,52,8 - Recent messages by your friends,200,OK,Postgres 1-1,text,true,,61,0,1,1,null,52,0,0
1734072426060,56,8 - Recent messages by your friends,200,OK,Postgres 1-1,text,true,,61,0,1,1,null,55,0,0
1734072426116,52,8 - Recent messages by your friends,200,OK,Postgres 1-1,text,true,,61,0,1,1,null,52,0,0
1734072426168,56,8 - Recent messages by your friends,200,OK,Postgres 1-1,text,true,,61,0,1,1,null,56,0,1
1734072426224,51,8 - Recent messages by your friends,200,OK,Postgres 1-1,text,true,,61,0,1,1,null,50,0,0
1734072426275,154,8 - Recent messages by your friends,200,OK,Postgres 1-1,text,true,,61,0,1,1,null,154,0,0
1734072426431,52,8 - Recent messages by your friends,200,OK,Postgres 1-1,text,true,,61,0,1,1,null,52,0,0
1734072426484,5,9 - Friend recommendation,200,OK,Postgres 1-1,text,true,,63,0,1,1,null,5,0,0
1734072426489,3,9 - Friend recommendation,200,OK,Postgres 1-1,text,true,,63,0,1,1,null,2,0,0
1734072426492,2,9 - Friend recommendation,200,OK,Postgres 1-1,text,true,,63,0,1,1,null,2,0,0
1734072426494,2,9 - Friend recommendation,200,OK,Postgres 1-1,text,true,,63,0,1,1,null,2,0,0
1734072426496,731,9 - Friend recommendation,200,OK,Postgres 1-1,text,true,,553,0,1,1,null,731,0,0
1734072427227,662,9 - Friend recommendation,200,OK,Postgres 1-1,text,true,,553,0,1,1,null,662,0,0
1734072427890,646,9 - Friend recommendation,200,OK,Postgres 1-1,text,true,,553,0,1,1,null,646,0,0
1734072428536,638,9 - Friend recommendation,200,OK,Postgres 1-1,text,true,,553,0,1,1,null,638,0,0
1734072429175,2,9 - Friend recommendation,200,OK,Postgres 1-1,text,true,,63,0,1,1,null,2,0,0
1734072429178,2,9 - Friend recommendation,200,OK,Postgres 1-1,text,true,,63,0,1,1,null,2,0,0
1734072429180,2,9 - Friend recommendation,200,OK,Postgres 1-1,text,true,,63,0,1,1,null,2,0,0
1734072429182,2,9 - Friend recommendation,200,OK,Postgres 1-1,text,true,,63,0,1,1,null,2,0,0
1734072429185,2,9 - Friend recommendation,200,OK,Postgres 1-1,text,true,,63,0,1,1,null,2,0,0
1734072429187,2,9 - Friend recommendation,200,OK,Postgres 1-1,text,true,,63,0,1,1,null,2,0,0
1734072429190,2,9 - Friend recommendation,200,OK,Postgres 1-1,text,true,,63,0,1,1,null,2,0,0
1734072429192,2,9 - Friend recommendation,200,OK,Postgres 1-1,text,true,,63,0,1,1,null,2,0,0
1734072429195,1,10 - Replies of a message,200,OK,Postgres 1-1,text,true,,115,0,1,1,null,1,0,0
1734072429196,1,10 - Replies of a message,200,OK,Postgres 1-1,text,true,,115,0,1,1,null,1,0,0
1734072429197,1,10 - Replies of a message,200,OK,Postgres 1-1,text,true,,115,0,1,1,null,1,0,0
1734072429198,0,10 - Replies of a message,200,OK,Postgres 1-1,text,true,,115,0,1,1,null,0,0,0
1734072429198,1,10 - Replies of a message,200,OK,Postgres 1-1,text,true,,115,0,1,1,null,1,0,0
1734072429199,1,10 - Replies of a message,200,OK,Postgres 1-1,text,true,,115,0,1,1,null,1,0,0
1734072429200,0,10 - Replies of a message,200,OK,Postgres 1-1,text,true,,115,0,1,1,null,0,0,0
1734072429200,1,10 - Replies of a message,200,OK,Postgres 1-1,text,true,,115,0,1,1,null,1,0,0
1734072429201,1,10 - Replies of a message,200,OK,Postgres 1-1,text,true,,115,0,1,1,null,1,0,0
1734072429202,1,10 - Replies of a message,200,OK,Postgres 1-1,text,true,,115,0,1,1,null,1,0,0
1734072429203,0,10 - Replies of a message,200,OK,Postgres 1-1,text,true,,115,0,1,1,null,0,0,0
1734072429203,1,10 - Replies of a message,200,OK,Postgres 1-1,text,true,,115,0,1,1,null,1,0,0
1734072429204,1,10 - Replies of a message,200,OK,Postgres 1-1,text,true,,115,0,1,1,null,1,0,0
1734072429205,0,10 - Replies of a message,200,OK,Postgres 1-1,text,true,,115,0,1,1,null,0,0,0
1734072429205,1,10 - Replies of a message,200,OK,Postgres 1-1,text,true,,115,0,1,1,null,1,0,0
1734072429206,1,10 - Replies of a message,200,OK,Postgres 1-1,text,true,,115,0,1,1,null,1,0,0
