timeStamp,elapsed,label,responseCode,responseMessage,threadName,dataType,success,failureMessage,bytes,sentBytes,grpThreads,allThreads,URL,Latency,IdleTime,Connect
1734072955024,31,1 - Transitive friends - step 3,200,OK,Postgres 1-1,text,true,,111,0,1,1,null,31,0,0
1734072955067,3,1 - Transitive friends - step 3,200,OK,Postgres 1-1,text,true,,111,0,1,1,null,3,0,0
1734072955070,3,1 - Transitive friends - step 3,200,OK,Postgres 1-1,text,true,,111,0,1,1,null,3,0,0
1734072955073,2,1 - Transitive friends - step 3,200,OK,Postgres 1-1,text,true,,111,0,1,1,null,2,0,0
1734072955076,3,1 - Transitive friends - step 3,200,OK,Postgres 1-1,text,true,,111,0,1,1,null,2,0,0
1734072955079,3,1 - Transitive friends - step 3,200,OK,Postgres 1-1,text,true,,111,0,1,1,null,3,0,0
1734072955082,2,1 - Transitive friends - step 3,200,OK,Postgres 1-1,text,true,,111,0,1,1,null,2,0,0
1734072955085,2,1 - Transitive friends - step 3,200,OK,Postgres 1-1,text,true,,111,0,1,1,null,2,0,0
1734072955087,4,1 - Transitive friends - step 3,200,OK,Postgres 1-1,text,true,,111,0,1,1,null,4,0,0
1734072955092,3,1 - Transitive friends - step 3,200,OK,Postgres 1-1,text,true,,111,0,1,1,null,3,0,0
1734072955095,3,1 - Transitive friends - step 3,200,OK,Postgres 1-1,text,true,,111,0,1,1,null,3,0,0
1734072955099,3,1 - Transitive friends - step 3,200,OK,Postgres 1-1,text,true,,111,0,1,1,null,3,0,0
1734072955102,3,1 - Transitive friends - step 3,200,OK,Postgres 1-1,text,true,,111,0,1,1,null,3,0,0
1734072955105,3,1 - Transitive friends - step 3,200,OK,Postgres 1-1,text,true,,111,0,1,1,null,3,0,0
1734072955108,2,1 - Transitive friends - step 3,200,OK,Postgres 1-1,text,true,,111,0,1,1,null,2,0,0
1734072955110,3,1 - Transitive friends - step 3,200,OK,Postgres 1-1,text,true,,111,0,1,1,null,3,0,0
1734072955114,3,2 - Transitive friends - step 4,200,OK,Postgres 1-1,text,true,,111,0,1,1,null,3,0,0
1734072955117,2,2 - Transitive friends - step 4,200,OK,Postgres 1-1,text,true,,111,0,1,1,null,2,0,0
1734072955119,3,2 - Transitive friends - step 4,200,OK,Postgres 1-1,text,true,,111,0,1,1,null,3,0,0
1734072955122,2,2 - Transitive friends - step 4,200,OK,Postgres 1-1,text,true,,111,0,1,1,null,2,0,0
1734072955124,3,2 - Transitive friends - step 4,200,OK,Postgres 1-1,text,true,,111,0,1,1,null,3,0,0
1734072955127,3,2 - Transitive friends - step 4,200,OK,Postgres 1-1,text,true,,111,0,1,1,null,3,0,0
1734072955130,3,2 - Transitive friends - step 4,200,OK,Postgres 1-1,text,true,,111,0,1,1,null,3,0,0
1734072955133,3,2 - Transitive friends - step 4,200,OK,Postgres 1-1,text,true,,111,0,1,1,null,3,0,0
1734072955136,3,2 - Transitive friends - step 4,200,OK,Postgres 1-1,text,true,,111,0,1,1,null,3,0,0
1734072955139,4,2 - Transitive friends - step 4,200,OK,Postgres 1-1,text,true,,111,0,1,1,null,4,0,0
1734072955143,3,2 - Transitive friends - step 4,200,OK,Postgres 1-1,text,true,,111,0,1,1,null,3,0,0
1734072955146,3,2 - Transitive friends - step 4,200,OK,Postgres 1-1,text,true,,111,0,1,1,null,3,0,0
1734072955149,3,2 - Transitive friends - step 4,200,OK,Postgres 1-1,text,true,,111,0,1,1,null,3,0,0
1734072955152,3,2 - Transitive friends - step 4,200,OK,Postgres 1-1,text,true,,111,0,1,1,null,3,0,0
1734072955155,2,2 - Transitive friends - step 4,200,OK,Postgres 1-1,text,true,,111,0,1,1,null,2,0,0
1734072955158,2,2 - Transitive friends - step 4,200,OK,Postgres 1-1,text,true,,111,0,1,1,null,2,0,0
1734072955161,2,3 - Transitive friends - step 5,200,OK,Postgres 1-1,text,true,,111,0,1,1,null,2,0,0
1734072955164,2,3 - Transitive friends - step 5,200,OK,Postgres 1-1,text,true,,111,0,1,1,null,2,0,0
1734072955166,3,3 - Transitive friends - step 5,200,OK,Postgres 1-1,text,true,,111,0,1,1,null,3,0,0
1734072955169,2,3 - Transitive friends - step 5,200,OK,Postgres 1-1,text,true,,111,0,1,1,null,2,0,0
1734072955171,4,3 - Transitive friends - step 5,200,OK,Postgres 1-1,text,true,,111,0,1,1,null,3,0,0
1734072955175,2,3 - Transitive friends - step 5,200,OK,Postgres 1-1,text,true,,111,0,1,1,null,2,0,0
1734072955178,2,3 - Transitive friends - step 5,200,OK,Postgres 1-1,text,true,,111,0,1,1,null,2,0,0
1734072955180,3,3 - Transitive friends - step 5,200,OK,Postgres 1-1,text,true,,111,0,1,1,null,3,0,1
1734072955183,4,3 - Transitive friends - step 5,200,OK,Postgres 1-1,text,true,,111,0,1,1,null,4,0,0
1734072955187,3,3 - Transitive friends - step 5,200,OK,Postgres 1-1,text,true,,111,0,1,1,null,3,0,0
1734072955190,3,3 - Transitive friends - step 5,200,OK,Postgres 1-1,text,true,,111,0,1,1,null,3,0,0
1734072955193,3,3 - Transitive friends - step 5,200,OK,Postgres 1-1,text,true,,111,0,1,1,null,3,0,0
1734072955197,3,3 - Transitive friends - step 5,200,OK,Postgres 1-1,text,true,,111,0,1,1,null,3,0,0
1734072955200,2,3 - Transitive friends - step 5,200,OK,Postgres 1-1,text,true,,111,0,1,1,null,2,0,0
1734072955202,3,3 - Transitive friends - step 5,200,OK,Postgres 1-1,text,true,,111,0,1,1,null,3,0,0
1734072955205,3,3 - Transitive friends - step 5,200,OK,Postgres 1-1,text,true,,111,0,1,1,null,3,0,0
1734072955208,8,4 - Friends and fof that have been to countries,200,OK,Postgres 1-1,text,true,,51,0,1,1,null,8,0,0
1734072955216,3,4 - Friends and fof that have been to countries,200,OK,Postgres 1-1,text,true,,51,0,1,1,null,3,0,0
1734072955220,4,4 - Friends and fof that have been to countries,200,OK,Postgres 1-1,text,true,,51,0,1,1,null,4,0,0
1734072955224,4,4 - Friends and fof that have been to countries,200,OK,Postgres 1-1,text,true,,51,0,1,1,null,4,0,0
1734072955228,4,4 - Friends and fof that have been to countries,200,OK,Postgres 1-1,text,true,,51,0,1,1,null,4,0,0
1734072955232,4,4 - Friends and fof that have been to countries,200,OK,Postgres 1-1,text,true,,51,0,1,1,null,4,0,0
1734072955236,3,4 - Friends and fof that have been to countries,200,OK,Postgres 1-1,text,true,,51,0,1,1,null,3,0,0
1734072955239,4,4 - Friends and fof that have been to countries,200,OK,Postgres 1-1,text,true,,51,0,1,1,null,4,0,0
1734072955243,4,4 - Friends and fof that have been to countries,200,OK,Postgres 1-1,text,true,,51,0,1,1,null,4,0,0
1734072955247,4,4 - Friends and fof that have been to countries,200,OK,Postgres 1-1,text,true,,51,0,1,1,null,4,0,0
1734072955251,3,4 - Friends and fof that have been to countries,200,OK,Postgres 1-1,text,true,,51,0,1,1,null,3,0,0
1734072955254,4,4 - Friends and fof that have been to countries,200,OK,Postgres 1-1,text,true,,51,0,1,1,null,4,0,0
1734072955258,4,4 - Friends and fof that have been to countries,200,OK,Postgres 1-1,text,true,,51,0,1,1,null,4,0,0
1734072955262,3,4 - Friends and fof that have been to countries,200,OK,Postgres 1-1,text,true,,51,0,1,1,null,3,0,0
1734072955266,3,4 - Friends and fof that have been to countries,200,OK,Postgres 1-1,text,true,,51,0,1,1,null,3,0,0
1734072955269,4,4 - Friends and fof that have been to countries,200,OK,Postgres 1-1,text,true,,51,0,1,1,null,4,0,0
1734072955274,159,5 - Shortest path,200,OK,Postgres 1-1,text,true,,16,0,1,1,null,158,0,0
1734072955433,139,5 - Shortest path,200,OK,Postgres 1-1,text,true,,16,0,1,1,null,139,0,0
1734072955572,138,5 - Shortest path,200,OK,Postgres 1-1,text,true,,16,0,1,1,null,138,0,0
1734072955711,138,5 - Shortest path,200,OK,Postgres 1-1,text,true,,16,0,1,1,null,138,0,0
1734072955849,132,5 - Shortest path,200,OK,Postgres 1-1,text,true,,16,0,1,1,null,132,0,0
1734072955981,132,5 - Shortest path,200,OK,Postgres 1-1,text,true,,16,0,1,1,null,132,0,0
1734072956113,144,5 - Shortest path,200,OK,Postgres 1-1,text,true,,16,0,1,1,null,144,0,0
1734072956257,135,5 - Shortest path,200,OK,Postgres 1-1,text,true,,16,0,1,1,null,135,0,0
1734072956392,132,5 - Shortest path,200,OK,Postgres 1-1,text,true,,16,0,1,1,null,132,0,0
1734072956524,132,5 - Shortest path,200,OK,Postgres 1-1,text,true,,16,0,1,1,null,132,0,0
1734072956657,132,5 - Shortest path,200,OK,Postgres 1-1,text,true,,16,0,1,1,null,132,0,0
1734072956789,132,5 - Shortest path,200,OK,Postgres 1-1,text,true,,16,0,1,1,null,132,0,0
1734072956921,132,5 - Shortest path,200,OK,Postgres 1-1,text,true,,16,0,1,1,null,132,0,0
1734072957053,132,5 - Shortest path,200,OK,Postgres 1-1,text,true,,16,0,1,1,null,132,0,0
1734072957185,145,5 - Shortest path,200,OK,Postgres 1-1,text,true,,16,0,1,1,null,145,0,0
1734072957330,132,5 - Shortest path,200,OK,Postgres 1-1,text,true,,16,0,1,1,null,132,0,0
1734072957462,133,6 - k Shortest paths,200,OK,Postgres 1-1,text,true,,19,0,1,1,null,132,0,0
1734072957595,130,6 - k Shortest paths,200,OK,Postgres 1-1,text,true,,19,0,1,1,null,130,0,0
1734072957725,131,6 - k Shortest paths,200,OK,Postgres 1-1,text,true,,19,0,1,1,null,131,0,0
1734072957856,131,6 - k Shortest paths,200,OK,Postgres 1-1,text,true,,19,0,1,1,null,131,0,0
1734072957987,132,6 - k Shortest paths,200,OK,Postgres 1-1,text,true,,19,0,1,1,null,131,0,0
1734072958119,143,6 - k Shortest paths,200,OK,Postgres 1-1,text,true,,19,0,1,1,null,143,0,0
1734072958262,130,6 - k Shortest paths,200,OK,Postgres 1-1,text,true,,19,0,1,1,null,130,0,0
1734072958392,128,6 - k Shortest paths,200,OK,Postgres 1-1,text,true,,19,0,1,1,null,128,0,0
1734072958520,129,6 - k Shortest paths,200,OK,Postgres 1-1,text,true,,19,0,1,1,null,129,0,1
1734072958649,125,6 - k Shortest paths,200,OK,Postgres 1-1,text,true,,19,0,1,1,null,125,0,0
1734072958775,123,6 - k Shortest paths,200,OK,Postgres 1-1,text,true,,19,0,1,1,null,123,0,0
1734072958899,125,6 - k Shortest paths,200,OK,Postgres 1-1,text,true,,19,0,1,1,null,124,0,0
1734072959024,124,6 - k Shortest paths,200,OK,Postgres 1-1,text,true,,19,0,1,1,null,124,0,0
1734072959148,138,6 - k Shortest paths,200,OK,Postgres 1-1,text,true,,19,0,1,1,null,138,0,0
1734072959286,125,6 - k Shortest paths,200,OK,Postgres 1-1,text,true,,19,0,1,1,null,125,0,1
1734072959411,126,6 - k Shortest paths,200,OK,Postgres 1-1,text,true,,19,0,1,1,null,126,0,0
1734072959537,4,7 - Forum of a message,200,OK,Postgres 1-1,text,true,,75,0,1,1,null,4,0,0
1734072959541,1,7 - Forum of a message,200,OK,Postgres 1-1,text,true,,75,0,1,1,null,1,0,0
1734072959542,1,7 - Forum of a message,200,OK,Postgres 1-1,text,true,,75,0,1,1,null,1,0,0
1734072959543,0,7 - Forum of a message,200,OK,Postgres 1-1,text,true,,75,0,1,1,null,0,0,0
1734072959543,1,7 - Forum of a message,200,OK,Postgres 1-1,text,true,,75,0,1,1,null,1,0,1
1734072959544,1,7 - Forum of a message,200,OK,Postgres 1-1,text,true,,75,0,1,1,null,1,0,0
1734072959545,0,7 - Forum of a message,200,OK,Postgres 1-1,text,true,,75,0,1,1,null,0,0,0
1734072959546,0,7 - Forum of a message,200,OK,Postgres 1-1,text,true,,75,0,1,1,null,0,0,0
1734072959546,0,7 - Forum of a message,200,OK,Postgres 1-1,text,true,,75,0,1,1,null,0,0,0
1734072959547,0,7 - Forum of a message,200,OK,Postgres 1-1,text,true,,75,0,1,1,null,0,0,0
1734072959547,0,7 - Forum of a message,200,OK,Postgres 1-1,text,true,,75,0,1,1,null,0,0,0
1734072959548,0,7 - Forum of a message,200,OK,Postgres 1-1,text,true,,75,0,1,1,null,0,0,0
1734072959548,1,7 - Forum of a message,200,OK,Postgres 1-1,text,true,,75,0,1,1,null,1,0,0
1734072959549,0,7 - Forum of a message,200,OK,Postgres 1-1,text,true,,75,0,1,1,null,0,0,0
1734072959549,0,7 - Forum of a message,200,OK,Postgres 1-1,text,true,,75,0,1,1,null,0,0,0
1734072959550,0,7 - Forum of a message,200,OK,Postgres 1-1,text,true,,75,0,1,1,null,0,0,0
1734072959550,245,8 - Recent messages by your friends,200,OK,Postgres 1-1,text,true,,2060,0,1,1,null,243,0,0
1734072959795,201,8 - Recent messages by your friends,200,OK,Postgres 1-1,text,true,,2060,0,1,1,null,200,0,0
1734072959996,201,8 - Recent messages by your friends,200,OK,Postgres 1-1,text,true,,2060,0,1,1,null,200,0,0
1734072960199,193,8 - Recent messages by your friends,200,OK,Postgres 1-1,text,true,,2060,0,1,1,null,192,0,0
1734072960392,52,8 - Recent messages by your friends,200,OK,Postgres 1-1,text,true,,61,0,1,1,null,52,0,0
1734072960445,56,8 - Recent messages by your friends,200,OK,Postgres 1-1,text,true,,61,0,1,1,null,56,0,0
1734072960501,54,8 - Recent messages by your friends,200,OK,Postgres 1-1,text,true,,61,0,1,1,null,54,0,0
1734072960555,54,8 - Recent messages by your friends,200,OK,Postgres 1-1,text,true,,61,0,1,1,null,54,0,0
1734072960609,52,8 - Recent messages by your friends,200,OK,Postgres 1-1,text,true,,61,0,1,1,null,52,0,1
1734072960661,52,8 - Recent messages by your friends,200,OK,Postgres 1-1,text,true,,61,0,1,1,null,52,0,0
1734072960713,57,8 - Recent messages by your friends,200,OK,Postgres 1-1,text,true,,61,0,1,1,null,57,0,0
1734072960770,51,8 - Recent messages by your friends,200,OK,Postgres 1-1,text,true,,61,0,1,1,null,51,0,0
1734072960821,51,8 - Recent messages by your friends,200,OK,Postgres 1-1,text,true,,61,0,1,1,null,51,0,0
1734072960873,157,8 - Recent messages by your friends,200,OK,Postgres 1-1,text,true,,61,0,1,1,null,157,0,0
1734072961030,51,8 - Recent messages by your friends,200,OK,Postgres 1-1,text,true,,61,0,1,1,null,51,0,0
1734072961083,57,8 - Recent messages by your friends,200,OK,Postgres 1-1,text,true,,61,0,1,1,null,57,0,0
1734072961141,5,9 - Friend recommendation,200,OK,Postgres 1-1,text,true,,63,0,1,1,null,5,0,0
1734072961146,3,9 - Friend recommendation,200,OK,Postgres 1-1,text,true,,63,0,1,1,null,3,0,0
1734072961149,2,9 - Friend recommendation,200,OK,Postgres 1-1,text,true,,63,0,1,1,null,2,0,0
1734072961151,2,9 - Friend recommendation,200,OK,Postgres 1-1,text,true,,63,0,1,1,null,2,0,0
1734072961153,720,9 - Friend recommendation,200,OK,Postgres 1-1,text,true,,553,0,1,1,null,720,0,0
1734072961873,629,9 - Friend recommendation,200,OK,Postgres 1-1,text,true,,553,0,1,1,null,629,0,0
1734072962502,622,9 - Friend recommendation,200,OK,Postgres 1-1,text,true,,553,0,1,1,null,622,0,0
1734072963124,637,9 - Friend recommendation,200,OK,Postgres 1-1,text,true,,553,0,1,1,null,637,0,0
1734072963761,3,9 - Friend recommendation,200,OK,Postgres 1-1,text,true,,63,0,1,1,null,3,0,1
1734072963764,3,9 - Friend recommendation,200,OK,Postgres 1-1,text,true,,63,0,1,1,null,3,0,0
1734072963767,2,9 - Friend recommendation,200,OK,Postgres 1-1,text,true,,63,0,1,1,null,2,0,0
1734072963769,2,9 - Friend recommendation,200,OK,Postgres 1-1,text,true,,63,0,1,1,null,2,0,0
1734072963771,3,9 - Friend recommendation,200,OK,Postgres 1-1,text,true,,63,0,1,1,null,3,0,0
1734072963774,2,9 - Friend recommendation,200,OK,Postgres 1-1,text,true,,63,0,1,1,null,2,0,0
1734072963776,2,9 - Friend recommendation,200,OK,Postgres 1-1,text,true,,63,0,1,1,null,2,0,0
1734072963779,2,9 - Friend recommendation,200,OK,Postgres 1-1,text,true,,63,0,1,1,null,2,0,0
1734072963781,2,10 - Replies of a message,200,OK,Postgres 1-1,text,true,,115,0,1,1,null,2,0,0
1734072963783,0,10 - Replies of a message,200,OK,Postgres 1-1,text,true,,115,0,1,1,null,0,0,0
1734072963783,1,10 - Replies of a message,200,OK,Postgres 1-1,text,true,,115,0,1,1,null,1,0,0
1734072963784,0,10 - Replies of a message,200,OK,Postgres 1-1,text,true,,115,0,1,1,null,0,0,0
1734072963785,0,10 - Replies of a message,200,OK,Postgres 1-1,text,true,,115,0,1,1,null,0,0,0
1734072963785,1,10 - Replies of a message,200,OK,Postgres 1-1,text,true,,115,0,1,1,null,1,0,0
1734072963786,1,10 - Replies of a message,200,OK,Postgres 1-1,text,true,,115,0,1,1,null,0,0,0
1734072963787,0,10 - Replies of a message,200,OK,Postgres 1-1,text,true,,115,0,1,1,null,0,0,0
1734072963787,1,10 - Replies of a message,200,OK,Postgres 1-1,text,true,,115,0,1,1,null,1,0,0
1734072963788,1,10 - Replies of a message,200,OK,Postgres 1-1,text,true,,115,0,1,1,null,1,0,0
1734072963789,1,10 - Replies of a message,200,OK,Postgres 1-1,text,true,,115,0,1,1,null,1,0,0
1734072963790,0,10 - Replies of a message,200,OK,Postgres 1-1,text,true,,115,0,1,1,null,0,0,0
1734072963790,1,10 - Replies of a message,200,OK,Postgres 1-1,text,true,,115,0,1,1,null,1,0,0
1734072963791,1,10 - Replies of a message,200,OK,Postgres 1-1,text,true,,115,0,1,1,null,1,0,0
1734072963792,0,10 - Replies of a message,200,OK,Postgres 1-1,text,true,,115,0,1,1,null,0,0,0
1734072963792,1,10 - Replies of a message,200,OK,Postgres 1-1,text,true,,115,0,1,1,null,1,0,0
