timeStamp,elapsed,label,responseCode,responseMessage,threadName,dataType,success,failureMessage,bytes,sentBytes,grpThreads,allThreads,URL,Latency,IdleTime,Connect
1734073606203,34,1 - Transitive friends - step 3,200,OK,Postgres 1-1,text,true,,111,0,1,1,null,33,0,0
1734073606238,3,1 - Transitive friends - step 3,200,OK,Postgres 1-1,text,true,,111,0,1,1,null,3,0,0
1734073606251,3,1 - Transitive friends - step 3,200,OK,Postgres 1-1,text,true,,111,0,1,1,null,3,0,0
1734073606254,3,1 - Transitive friends - step 3,200,OK,Postgres 1-1,text,true,,111,0,1,1,null,3,0,0
1734073606257,3,1 - Transitive friends - step 3,200,OK,Postgres 1-1,text,true,,111,0,1,1,null,3,0,0
1734073606260,3,1 - Transitive friends - step 3,200,OK,Postgres 1-1,text,true,,111,0,1,1,null,3,0,0
1734073606263,3,1 - Transitive friends - step 3,200,OK,Postgres 1-1,text,true,,111,0,1,1,null,3,0,0
1734073606266,3,1 - Transitive friends - step 3,200,OK,Postgres 1-1,text,true,,111,0,1,1,null,2,0,0
1734073606269,4,1 - Transitive friends - step 3,200,OK,Postgres 1-1,text,true,,111,0,1,1,null,4,0,0
1734073606273,3,1 - Transitive friends - step 3,200,OK,Postgres 1-1,text,true,,111,0,1,1,null,3,0,0
1734073606276,3,1 - Transitive friends - step 3,200,OK,Postgres 1-1,text,true,,111,0,1,1,null,3,0,0
1734073606279,3,1 - Transitive friends - step 3,200,OK,Postgres 1-1,text,true,,111,0,1,1,null,3,0,0
1734073606283,2,1 - Transitive friends - step 3,200,OK,Postgres 1-1,text,true,,111,0,1,1,null,2,0,0
1734073606286,2,1 - Transitive friends - step 3,200,OK,Postgres 1-1,text,true,,111,0,1,1,null,2,0,0
1734073606288,3,1 - Transitive friends - step 3,200,OK,Postgres 1-1,text,true,,111,0,1,1,null,3,0,0
1734073606291,3,1 - Transitive friends - step 3,200,OK,Postgres 1-1,text,true,,111,0,1,1,null,3,0,0
1734073606294,3,2 - Transitive friends - step 4,200,OK,Postgres 1-1,text,true,,111,0,1,1,null,3,0,0
1734073606297,3,2 - Transitive friends - step 4,200,OK,Postgres 1-1,text,true,,111,0,1,1,null,3,0,0
1734073606300,2,2 - Transitive friends - step 4,200,OK,Postgres 1-1,text,true,,111,0,1,1,null,2,0,0
1734073606303,2,2 - Transitive friends - step 4,200,OK,Postgres 1-1,text,true,,111,0,1,1,null,2,0,0
1734073606305,4,2 - Transitive friends - step 4,200,OK,Postgres 1-1,text,true,,111,0,1,1,null,4,0,0
1734073606309,3,2 - Transitive friends - step 4,200,OK,Postgres 1-1,text,true,,111,0,1,1,null,3,0,0
1734073606312,3,2 - Transitive friends - step 4,200,OK,Postgres 1-1,text,true,,111,0,1,1,null,3,0,0
1734073606315,2,2 - Transitive friends - step 4,200,OK,Postgres 1-1,text,true,,111,0,1,1,null,2,0,0
1734073606318,3,2 - Transitive friends - step 4,200,OK,Postgres 1-1,text,true,,111,0,1,1,null,3,0,0
1734073606321,3,2 - Transitive friends - step 4,200,OK,Postgres 1-1,text,true,,111,0,1,1,null,3,0,0
1734073606324,3,2 - Transitive friends - step 4,200,OK,Postgres 1-1,text,true,,111,0,1,1,null,3,0,0
1734073606327,3,2 - Transitive friends - step 4,200,OK,Postgres 1-1,text,true,,111,0,1,1,null,3,0,0
1734073606331,2,2 - Transitive friends - step 4,200,OK,Postgres 1-1,text,true,,111,0,1,1,null,2,0,0
1734073606334,2,2 - Transitive friends - step 4,200,OK,Postgres 1-1,text,true,,111,0,1,1,null,2,0,0
1734073606336,3,2 - Transitive friends - step 4,200,OK,Postgres 1-1,text,true,,111,0,1,1,null,3,0,0
1734073606339,2,2 - Transitive friends - step 4,200,OK,Postgres 1-1,text,true,,111,0,1,1,null,2,0,0
1734073606342,3,3 - Transitive friends - step 5,200,OK,Postgres 1-1,text,true,,111,0,1,1,null,3,0,0
1734073606345,3,3 - Transitive friends - step 5,200,OK,Postgres 1-1,text,true,,111,0,1,1,null,3,0,0
1734073606348,3,3 - Transitive friends - step 5,200,OK,Postgres 1-1,text,true,,111,0,1,1,null,2,0,0
1734073606351,2,3 - Transitive friends - step 5,200,OK,Postgres 1-1,text,true,,111,0,1,1,null,2,0,0
1734073606353,3,3 - Transitive friends - step 5,200,OK,Postgres 1-1,text,true,,111,0,1,1,null,3,0,0
1734073606356,3,3 - Transitive friends - step 5,200,OK,Postgres 1-1,text,true,,111,0,1,1,null,3,0,0
1734073606359,2,3 - Transitive friends - step 5,200,OK,Postgres 1-1,text,true,,111,0,1,1,null,2,0,0
1734073606362,2,3 - Transitive friends - step 5,200,OK,Postgres 1-1,text,true,,111,0,1,1,null,2,0,0
1734073606364,4,3 - Transitive friends - step 5,200,OK,Postgres 1-1,text,true,,111,0,1,1,null,3,0,0
1734073606368,2,3 - Transitive friends - step 5,200,OK,Postgres 1-1,text,true,,111,0,1,1,null,2,0,0
1734073606371,2,3 - Transitive friends - step 5,200,OK,Postgres 1-1,text,true,,111,0,1,1,null,2,0,0
1734073606374,3,3 - Transitive friends - step 5,200,OK,Postgres 1-1,text,true,,111,0,1,1,null,3,0,0
1734073606377,3,3 - Transitive friends - step 5,200,OK,Postgres 1-1,text,true,,111,0,1,1,null,3,0,0
1734073606380,2,3 - Transitive friends - step 5,200,OK,Postgres 1-1,text,true,,111,0,1,1,null,2,0,0
1734073606382,3,3 - Transitive friends - step 5,200,OK,Postgres 1-1,text,true,,111,0,1,1,null,3,0,0
1734073606385,2,3 - Transitive friends - step 5,200,OK,Postgres 1-1,text,true,,111,0,1,1,null,2,0,0
1734073606388,8,4 - Friends and fof that have been to countries,200,OK,Postgres 1-1,text,true,,51,0,1,1,null,7,0,0
1734073606396,3,4 - Friends and fof that have been to countries,200,OK,Postgres 1-1,text,true,,51,0,1,1,null,3,0,0
1734073606399,4,4 - Friends and fof that have been to countries,200,OK,Postgres 1-1,text,true,,51,0,1,1,null,4,0,0
1734073606403,4,4 - Friends and fof that have been to countries,200,OK,Postgres 1-1,text,true,,51,0,1,1,null,4,0,0
1734073606407,4,4 - Friends and fof that have been to countries,200,OK,Postgres 1-1,text,true,,51,0,1,1,null,4,0,0
1734073606411,4,4 - Friends and fof that have been to countries,200,OK,Postgres 1-1,text,true,,51,0,1,1,null,4,0,0
1734073606415,4,4 - Friends and fof that have been to countries,200,OK,Postgres 1-1,text,true,,51,0,1,1,null,3,0,0
1734073606419,3,4 - Friends and fof that have been to countries,200,OK,Postgres 1-1,text,true,,51,0,1,1,null,3,0,0
1734073606422,4,4 - Friends and fof that have been to countries,200,OK,Postgres 1-1,text,true,,51,0,1,1,null,4,0,0
1734073606426,4,4 - Friends and fof that have been to countries,200,OK,Postgres 1-1,text,true,,51,0,1,1,null,4,0,0
1734073606430,3,4 - Friends and fof that have been to countries,200,OK,Postgres 1-1,text,true,,51,0,1,1,null,3,0,0
1734073606434,3,4 - Friends and fof that have been to countries,200,OK,Postgres 1-1,text,true,,51,0,1,1,null,3,0,0
1734073606437,4,4 - Friends and fof that have been to countries,200,OK,Postgres 1-1,text,true,,51,0,1,1,null,4,0,0
1734073606441,3,4 - Friends and fof that have been to countries,200,OK,Postgres 1-1,text,true,,51,0,1,1,null,3,0,0
1734073606444,4,4 - Friends and fof that have been to countries,200,OK,Postgres 1-1,text,true,,51,0,1,1,null,4,0,0
1734073606448,4,4 - Friends and fof that have been to countries,200,OK,Postgres 1-1,text,true,,51,0,1,1,null,4,0,0
1734073606452,161,5 - Shortest path,200,OK,Postgres 1-1,text,true,,16,0,1,1,null,161,0,0
1734073606613,140,5 - Shortest path,200,OK,Postgres 1-1,text,true,,16,0,1,1,null,140,0,0
1734073606753,143,5 - Shortest path,200,OK,Postgres 1-1,text,true,,16,0,1,1,null,143,0,0
1734073606896,138,5 - Shortest path,200,OK,Postgres 1-1,text,true,,16,0,1,1,null,138,0,0
1734073607035,132,5 - Shortest path,200,OK,Postgres 1-1,text,true,,16,0,1,1,null,132,0,0
1734073607167,133,5 - Shortest path,200,OK,Postgres 1-1,text,true,,16,0,1,1,null,133,0,0
1734073607300,132,5 - Shortest path,200,OK,Postgres 1-1,text,true,,16,0,1,1,null,132,0,0
1734073607432,132,5 - Shortest path,200,OK,Postgres 1-1,text,true,,16,0,1,1,null,132,0,0
1734073607565,133,5 - Shortest path,200,OK,Postgres 1-1,text,true,,16,0,1,1,null,133,0,0
1734073607698,148,5 - Shortest path,200,OK,Postgres 1-1,text,true,,16,0,1,1,null,148,0,0
1734073607846,134,5 - Shortest path,200,OK,Postgres 1-1,text,true,,16,0,1,1,null,134,0,0
1734073607980,132,5 - Shortest path,200,OK,Postgres 1-1,text,true,,16,0,1,1,null,132,0,0
1734073608112,133,5 - Shortest path,200,OK,Postgres 1-1,text,true,,16,0,1,1,null,133,0,0
1734073608245,133,5 - Shortest path,200,OK,Postgres 1-1,text,true,,16,0,1,1,null,133,0,0
1734073608378,132,5 - Shortest path,200,OK,Postgres 1-1,text,true,,16,0,1,1,null,132,0,0
1734073608510,132,5 - Shortest path,200,OK,Postgres 1-1,text,true,,16,0,1,1,null,132,0,0
1734073608643,140,6 - k Shortest paths,200,OK,Postgres 1-1,text,true,,19,0,1,1,null,140,0,0
1734073608784,135,6 - k Shortest paths,200,OK,Postgres 1-1,text,true,,19,0,1,1,null,134,0,0
1734073608919,131,6 - k Shortest paths,200,OK,Postgres 1-1,text,true,,19,0,1,1,null,131,0,0
1734073609050,131,6 - k Shortest paths,200,OK,Postgres 1-1,text,true,,19,0,1,1,null,131,0,0
1734073609181,132,6 - k Shortest paths,200,OK,Postgres 1-1,text,true,,19,0,1,1,null,132,0,0
1734073609313,132,6 - k Shortest paths,200,OK,Postgres 1-1,text,true,,19,0,1,1,null,132,0,0
1734073609445,129,6 - k Shortest paths,200,OK,Postgres 1-1,text,true,,19,0,1,1,null,129,0,0
1734073609575,126,6 - k Shortest paths,200,OK,Postgres 1-1,text,true,,19,0,1,1,null,126,0,0
1734073609701,144,6 - k Shortest paths,200,OK,Postgres 1-1,text,true,,19,0,1,1,null,144,0,1
1734073609845,126,6 - k Shortest paths,200,OK,Postgres 1-1,text,true,,19,0,1,1,null,126,0,0
1734073609971,125,6 - k Shortest paths,200,OK,Postgres 1-1,text,true,,19,0,1,1,null,125,0,0
1734073610096,126,6 - k Shortest paths,200,OK,Postgres 1-1,text,true,,19,0,1,1,null,126,0,0
1734073610222,125,6 - k Shortest paths,200,OK,Postgres 1-1,text,true,,19,0,1,1,null,125,0,0
1734073610348,125,6 - k Shortest paths,200,OK,Postgres 1-1,text,true,,19,0,1,1,null,125,0,0
1734073610473,125,6 - k Shortest paths,200,OK,Postgres 1-1,text,true,,19,0,1,1,null,125,0,0
1734073610598,127,6 - k Shortest paths,200,OK,Postgres 1-1,text,true,,19,0,1,1,null,127,0,0
1734073610726,4,7 - Forum of a message,200,OK,Postgres 1-1,text,true,,75,0,1,1,null,4,0,0
1734073610730,0,7 - Forum of a message,200,OK,Postgres 1-1,text,true,,75,0,1,1,null,0,0,0
1734073610731,0,7 - Forum of a message,200,OK,Postgres 1-1,text,true,,75,0,1,1,null,0,0,0
1734073610731,1,7 - Forum of a message,200,OK,Postgres 1-1,text,true,,75,0,1,1,null,1,0,0
1734073610732,1,7 - Forum of a message,200,OK,Postgres 1-1,text,true,,75,0,1,1,null,1,0,0
1734073610733,0,7 - Forum of a message,200,OK,Postgres 1-1,text,true,,75,0,1,1,null,0,0,0
1734073610733,1,7 - Forum of a message,200,OK,Postgres 1-1,text,true,,75,0,1,1,null,1,0,0
1734073610734,1,7 - Forum of a message,200,OK,Postgres 1-1,text,true,,75,0,1,1,null,0,0,0
1734073610735,0,7 - Forum of a message,200,OK,Postgres 1-1,text,true,,75,0,1,1,null,0,0,0
1734073610735,1,7 - Forum of a message,200,OK,Postgres 1-1,text,true,,75,0,1,1,null,1,0,0
1734073610736,0,7 - Forum of a message,200,OK,Postgres 1-1,text,true,,75,0,1,1,null,0,0,0
1734073610736,1,7 - Forum of a message,200,OK,Postgres 1-1,text,true,,75,0,1,1,null,1,0,0
1734073610737,0,7 - Forum of a message,200,OK,Postgres 1-1,text,true,,75,0,1,1,null,0,0,0
1734073610737,1,7 - Forum of a message,200,OK,Postgres 1-1,text,true,,75,0,1,1,null,1,0,0
1734073610738,0,7 - Forum of a message,200,OK,Postgres 1-1,text,true,,75,0,1,1,null,0,0,0
1734073610738,1,7 - Forum of a message,200,OK,Postgres 1-1,text,true,,75,0,1,1,null,1,0,0
1734073610739,254,8 - Recent messages by your friends,200,OK,Postgres 1-1,text,true,,2060,0,1,1,null,252,0,0
1734073610993,225,8 - Recent messages by your friends,200,OK,Postgres 1-1,text,true,,2060,0,1,1,null,224,0,0
1734073611219,224,8 - Recent messages by your friends,200,OK,Postgres 1-1,text,true,,2060,0,1,1,null,223,0,0
1734073611444,207,8 - Recent messages by your friends,200,OK,Postgres 1-1,text,true,,2060,0,1,1,null,206,0,0
1734073611652,55,8 - Recent messages by your friends,200,OK,Postgres 1-1,text,true,,61,0,1,1,null,55,0,0
1734073611707,53,8 - Recent messages by your friends,200,OK,Postgres 1-1,text,true,,61,0,1,1,null,53,0,0
1734073611760,55,8 - Recent messages by your friends,200,OK,Postgres 1-1,text,true,,61,0,1,1,null,55,0,0
1734073611816,57,8 - Recent messages by your friends,200,OK,Postgres 1-1,text,true,,61,0,1,1,null,57,0,0
1734073611873,55,8 - Recent messages by your friends,200,OK,Postgres 1-1,text,true,,61,0,1,1,null,55,0,0
1734073611928,56,8 - Recent messages by your friends,200,OK,Postgres 1-1,text,true,,61,0,1,1,null,56,0,0
1734073611985,51,8 - Recent messages by your friends,200,OK,Postgres 1-1,text,true,,61,0,1,1,null,51,0,0
1734073612036,53,8 - Recent messages by your friends,200,OK,Postgres 1-1,text,true,,61,0,1,1,null,53,0,0
1734073612089,153,8 - Recent messages by your friends,200,OK,Postgres 1-1,text,true,,61,0,1,1,null,153,0,0
1734073612242,52,8 - Recent messages by your friends,200,OK,Postgres 1-1,text,true,,61,0,1,1,null,52,0,0
1734073612294,55,8 - Recent messages by your friends,200,OK,Postgres 1-1,text,true,,61,0,1,1,null,55,0,0
1734073612350,51,8 - Recent messages by your friends,200,OK,Postgres 1-1,text,true,,61,0,1,1,null,51,0,0
1734073612402,5,9 - Friend recommendation,200,OK,Postgres 1-1,text,true,,63,0,1,1,null,5,0,0
1734073612407,2,9 - Friend recommendation,200,OK,Postgres 1-1,text,true,,63,0,1,1,null,2,0,0
1734073612409,2,9 - Friend recommendation,200,OK,Postgres 1-1,text,true,,63,0,1,1,null,2,0,0
1734073612411,3,9 - Friend recommendation,200,OK,Postgres 1-1,text,true,,63,0,1,1,null,2,0,1
1734073612414,722,9 - Friend recommendation,200,OK,Postgres 1-1,text,true,,553,0,1,1,null,722,0,0
1734073613136,622,9 - Friend recommendation,200,OK,Postgres 1-1,text,true,,553,0,1,1,null,622,0,0
1734073613758,615,9 - Friend recommendation,200,OK,Postgres 1-1,text,true,,553,0,1,1,null,615,0,0
1734073614373,622,9 - Friend recommendation,200,OK,Postgres 1-1,text,true,,553,0,1,1,null,622,0,0
1734073614995,3,9 - Friend recommendation,200,OK,Postgres 1-1,text,true,,63,0,1,1,null,3,0,0
1734073614998,2,9 - Friend recommendation,200,OK,Postgres 1-1,text,true,,63,0,1,1,null,2,0,0
1734073615000,2,9 - Friend recommendation,200,OK,Postgres 1-1,text,true,,63,0,1,1,null,2,0,0
1734073615002,2,9 - Friend recommendation,200,OK,Postgres 1-1,text,true,,63,0,1,1,null,2,0,0
1734073615005,2,9 - Friend recommendation,200,OK,Postgres 1-1,text,true,,63,0,1,1,null,2,0,0
1734073615007,2,9 - Friend recommendation,200,OK,Postgres 1-1,text,true,,63,0,1,1,null,2,0,0
1734073615009,2,9 - Friend recommendation,200,OK,Postgres 1-1,text,true,,63,0,1,1,null,2,0,0
1734073615011,2,9 - Friend recommendation,200,OK,Postgres 1-1,text,true,,63,0,1,1,null,2,0,0
1734073615014,2,10 - Replies of a message,200,OK,Postgres 1-1,text,true,,115,0,1,1,null,2,0,0
1734073615016,1,10 - Replies of a message,200,OK,Postgres 1-1,text,true,,115,0,1,1,null,1,0,0
1734073615017,0,10 - Replies of a message,200,OK,Postgres 1-1,text,true,,115,0,1,1,null,0,0,0
1734073615018,0,10 - Replies of a message,200,OK,Postgres 1-1,text,true,,115,0,1,1,null,0,0,0
1734073615018,1,10 - Replies of a message,200,OK,Postgres 1-1,text,true,,115,0,1,1,null,1,0,0
1734073615019,1,10 - Replies of a message,200,OK,Postgres 1-1,text,true,,115,0,1,1,null,1,0,0
1734073615020,0,10 - Replies of a message,200,OK,Postgres 1-1,text,true,,115,0,1,1,null,0,0,0
1734073615020,1,10 - Replies of a message,200,OK,Postgres 1-1,text,true,,115,0,1,1,null,1,0,0
1734073615021,1,10 - Replies of a message,200,OK,Postgres 1-1,text,true,,115,0,1,1,null,1,0,0
1734073615022,0,10 - Replies of a message,200,OK,Postgres 1-1,text,true,,115,0,1,1,null,0,0,0
1734073615023,0,10 - Replies of a message,200,OK,Postgres 1-1,text,true,,115,0,1,1,null,0,0,0
1734073615023,1,10 - Replies of a message,200,OK,Postgres 1-1,text,true,,115,0,1,1,null,1,0,0
1734073615024,1,10 - Replies of a message,200,OK,Postgres 1-1,text,true,,115,0,1,1,null,1,0,0
1734073615025,0,10 - Replies of a message,200,OK,Postgres 1-1,text,true,,115,0,1,1,null,0,0,0
1734073615025,1,10 - Replies of a message,200,OK,Postgres 1-1,text,true,,115,0,1,1,null,1,0,0
1734073615026,1,10 - Replies of a message,200,OK,Postgres 1-1,text,true,,115,0,1,1,null,1,0,0
