timeStamp,elapsed,label,responseCode,responseMessage,threadName,dataType,success,failureMessage,bytes,sentBytes,grpThreads,allThreads,URL,Latency,IdleTime,Connect
1734074260034,37,1 - Transitive friends - step 3,200,OK,Postgres 1-1,text,true,,111,0,1,1,null,36,0,0
1734074260087,3,1 - Transitive friends - step 3,200,OK,Postgres 1-1,text,true,,111,0,1,1,null,3,0,0
1734074260090,3,1 - Transitive friends - step 3,200,OK,Postgres 1-1,text,true,,111,0,1,1,null,3,0,0
1734074260093,3,1 - Transitive friends - step 3,200,OK,Postgres 1-1,text,true,,111,0,1,1,null,3,0,0
1734074260096,3,1 - Transitive friends - step 3,200,OK,Postgres 1-1,text,true,,111,0,1,1,null,3,0,0
1734074260099,3,1 - Transitive friends - step 3,200,OK,Postgres 1-1,text,true,,111,0,1,1,null,3,0,0
1734074260102,3,1 - Transitive friends - step 3,200,OK,Postgres 1-1,text,true,,111,0,1,1,null,3,0,0
1734074260105,3,1 - Transitive friends - step 3,200,OK,Postgres 1-1,text,true,,111,0,1,1,null,2,0,0
1734074260108,4,1 - Transitive friends - step 3,200,OK,Postgres 1-1,text,true,,111,0,1,1,null,4,0,0
1734074260112,3,1 - Transitive friends - step 3,200,OK,Postgres 1-1,text,true,,111,0,1,1,null,3,0,0
1734074260115,4,1 - Transitive friends - step 3,200,OK,Postgres 1-1,text,true,,111,0,1,1,null,4,0,0
1734074260119,3,1 - Transitive friends - step 3,200,OK,Postgres 1-1,text,true,,111,0,1,1,null,3,0,0
1734074260122,3,1 - Transitive friends - step 3,200,OK,Postgres 1-1,text,true,,111,0,1,1,null,3,0,0
1734074260125,3,1 - Transitive friends - step 3,200,OK,Postgres 1-1,text,true,,111,0,1,1,null,3,0,0
1734074260128,2,1 - Transitive friends - step 3,200,OK,Postgres 1-1,text,true,,111,0,1,1,null,2,0,0
1734074260131,2,1 - Transitive friends - step 3,200,OK,Postgres 1-1,text,true,,111,0,1,1,null,2,0,0
1734074260134,3,2 - Transitive friends - step 4,200,OK,Postgres 1-1,text,true,,111,0,1,1,null,3,0,0
1734074260137,3,2 - Transitive friends - step 4,200,OK,Postgres 1-1,text,true,,111,0,1,1,null,2,0,0
1734074260140,2,2 - Transitive friends - step 4,200,OK,Postgres 1-1,text,true,,111,0,1,1,null,2,0,0
1734074260143,2,2 - Transitive friends - step 4,200,OK,Postgres 1-1,text,true,,111,0,1,1,null,2,0,0
1734074260145,4,2 - Transitive friends - step 4,200,OK,Postgres 1-1,text,true,,111,0,1,1,null,3,0,0
1734074260149,2,2 - Transitive friends - step 4,200,OK,Postgres 1-1,text,true,,111,0,1,1,null,2,0,0
1734074260152,2,2 - Transitive friends - step 4,200,OK,Postgres 1-1,text,true,,111,0,1,1,null,2,0,0
1734074260154,3,2 - Transitive friends - step 4,200,OK,Postgres 1-1,text,true,,111,0,1,1,null,3,0,0
1734074260157,4,2 - Transitive friends - step 4,200,OK,Postgres 1-1,text,true,,111,0,1,1,null,3,0,0
1734074260161,3,2 - Transitive friends - step 4,200,OK,Postgres 1-1,text,true,,111,0,1,1,null,3,0,0
1734074260164,3,2 - Transitive friends - step 4,200,OK,Postgres 1-1,text,true,,111,0,1,1,null,3,0,0
1734074260167,3,2 - Transitive friends - step 4,200,OK,Postgres 1-1,text,true,,111,0,1,1,null,3,0,0
1734074260170,3,2 - Transitive friends - step 4,200,OK,Postgres 1-1,text,true,,111,0,1,1,null,3,0,0
1734074260173,3,2 - Transitive friends - step 4,200,OK,Postgres 1-1,text,true,,111,0,1,1,null,3,0,0
1734074260176,2,2 - Transitive friends - step 4,200,OK,Postgres 1-1,text,true,,111,0,1,1,null,2,0,0
1734074260179,2,2 - Transitive friends - step 4,200,OK,Postgres 1-1,text,true,,111,0,1,1,null,2,0,0
1734074260182,2,3 - Transitive friends - step 5,200,OK,Postgres 1-1,text,true,,111,0,1,1,null,2,0,0
1734074260185,2,3 - Transitive friends - step 5,200,OK,Postgres 1-1,text,true,,111,0,1,1,null,2,0,0
1734074260187,3,3 - Transitive friends - step 5,200,OK,Postgres 1-1,text,true,,111,0,1,1,null,3,0,0
1734074260190,2,3 - Transitive friends - step 5,200,OK,Postgres 1-1,text,true,,111,0,1,1,null,2,0,0
1734074260192,3,3 - Transitive friends - step 5,200,OK,Postgres 1-1,text,true,,111,0,1,1,null,3,0,0
1734074260196,2,3 - Transitive friends - step 5,200,OK,Postgres 1-1,text,true,,111,0,1,1,null,2,0,0
1734074260198,3,3 - Transitive friends - step 5,200,OK,Postgres 1-1,text,true,,111,0,1,1,null,3,0,0
1734074260201,2,3 - Transitive friends - step 5,200,OK,Postgres 1-1,text,true,,111,0,1,1,null,2,0,0
1734074260203,4,3 - Transitive friends - step 5,200,OK,Postgres 1-1,text,true,,111,0,1,1,null,4,0,0
1734074260207,3,3 - Transitive friends - step 5,200,OK,Postgres 1-1,text,true,,111,0,1,1,null,3,0,0
1734074260210,3,3 - Transitive friends - step 5,200,OK,Postgres 1-1,text,true,,111,0,1,1,null,3,0,0
1734074260213,3,3 - Transitive friends - step 5,200,OK,Postgres 1-1,text,true,,111,0,1,1,null,3,0,0
1734074260216,3,3 - Transitive friends - step 5,200,OK,Postgres 1-1,text,true,,111,0,1,1,null,3,0,0
1734074260219,3,3 - Transitive friends - step 5,200,OK,Postgres 1-1,text,true,,111,0,1,1,null,3,0,0
1734074260222,3,3 - Transitive friends - step 5,200,OK,Postgres 1-1,text,true,,111,0,1,1,null,3,0,0
1734074260225,2,3 - Transitive friends - step 5,200,OK,Postgres 1-1,text,true,,111,0,1,1,null,2,0,0
1734074260228,8,4 - Friends and fof that have been to countries,200,OK,Postgres 1-1,text,true,,51,0,1,1,null,8,0,0
1734074260236,4,4 - Friends and fof that have been to countries,200,OK,Postgres 1-1,text,true,,51,0,1,1,null,4,0,0
1734074260240,3,4 - Friends and fof that have been to countries,200,OK,Postgres 1-1,text,true,,51,0,1,1,null,3,0,0
1734074260244,3,4 - Friends and fof that have been to countries,200,OK,Postgres 1-1,text,true,,51,0,1,1,null,3,0,0
1734074260247,4,4 - Friends and fof that have been to countries,200,OK,Postgres 1-1,text,true,,51,0,1,1,null,4,0,0
1734074260251,4,4 - Friends and fof that have been to countries,200,OK,Postgres 1-1,text,true,,51,0,1,1,null,4,0,0
1734074260255,3,4 - Friends and fof that have been to countries,200,OK,Postgres 1-1,text,true,,51,0,1,1,null,3,0,0
1734074260258,4,4 - Friends and fof that have been to countries,200,OK,Postgres 1-1,text,true,,51,0,1,1,null,4,0,0
1734074260262,4,4 - Friends and fof that have been to countries,200,OK,Postgres 1-1,text,true,,51,0,1,1,null,4,0,0
1734074260266,3,4 - Friends and fof that have been to countries,200,OK,Postgres 1-1,text,true,,51,0,1,1,null,3,0,0
1734074260270,3,4 - Friends and fof that have been to countries,200,OK,Postgres 1-1,text,true,,51,0,1,1,null,3,0,0
1734074260273,4,4 - Friends and fof that have been to countries,200,OK,Postgres 1-1,text,true,,51,0,1,1,null,4,0,0
1734074260277,4,4 - Friends and fof that have been to countries,200,OK,Postgres 1-1,text,true,,51,0,1,1,null,4,0,0
1734074260281,3,4 - Friends and fof that have been to countries,200,OK,Postgres 1-1,text,true,,51,0,1,1,null,3,0,0
1734074260285,3,4 - Friends and fof that have been to countries,200,OK,Postgres 1-1,text,true,,51,0,1,1,null,3,0,0
1734074260288,4,4 - Friends and fof that have been to countries,200,OK,Postgres 1-1,text,true,,51,0,1,1,null,4,0,0
1734074260292,166,5 - Shortest path,200,OK,Postgres 1-1,text,true,,16,0,1,1,null,166,0,0
1734074260458,144,5 - Shortest path,200,OK,Postgres 1-1,text,true,,16,0,1,1,null,144,0,0
1734074260602,144,5 - Shortest path,200,OK,Postgres 1-1,text,true,,16,0,1,1,null,143,0,1
1734074260746,144,5 - Shortest path,200,OK,Postgres 1-1,text,true,,16,0,1,1,null,144,0,0
1734074260890,138,5 - Shortest path,200,OK,Postgres 1-1,text,true,,16,0,1,1,null,138,0,0
1734074261028,136,5 - Shortest path,200,OK,Postgres 1-1,text,true,,16,0,1,1,null,136,0,0
1734074261165,136,5 - Shortest path,200,OK,Postgres 1-1,text,true,,16,0,1,1,null,136,0,0
1734074261301,145,5 - Shortest path,200,OK,Postgres 1-1,text,true,,16,0,1,1,null,145,0,0
1734074261447,137,5 - Shortest path,200,OK,Postgres 1-1,text,true,,16,0,1,1,null,137,0,0
1734074261584,136,5 - Shortest path,200,OK,Postgres 1-1,text,true,,16,0,1,1,null,136,0,0
1734074261720,137,5 - Shortest path,200,OK,Postgres 1-1,text,true,,16,0,1,1,null,136,0,0
1734074261857,134,5 - Shortest path,200,OK,Postgres 1-1,text,true,,16,0,1,1,null,134,0,0
1734074261991,136,5 - Shortest path,200,OK,Postgres 1-1,text,true,,16,0,1,1,null,136,0,0
1734074262127,135,5 - Shortest path,200,OK,Postgres 1-1,text,true,,16,0,1,1,null,135,0,0
1734074262262,149,5 - Shortest path,200,OK,Postgres 1-1,text,true,,16,0,1,1,null,149,0,0
1734074262412,136,5 - Shortest path,200,OK,Postgres 1-1,text,true,,16,0,1,1,null,136,0,0
1734074262548,137,6 - k Shortest paths,200,OK,Postgres 1-1,text,true,,19,0,1,1,null,137,0,0
1734074262685,135,6 - k Shortest paths,200,OK,Postgres 1-1,text,true,,19,0,1,1,null,135,0,0
1734074262820,134,6 - k Shortest paths,200,OK,Postgres 1-1,text,true,,19,0,1,1,null,134,0,0
1734074262955,137,6 - k Shortest paths,200,OK,Postgres 1-1,text,true,,19,0,1,1,null,137,0,0
1734074263092,136,6 - k Shortest paths,200,OK,Postgres 1-1,text,true,,19,0,1,1,null,136,0,0
1734074263228,158,6 - k Shortest paths,200,OK,Postgres 1-1,text,true,,19,0,1,1,null,158,0,0
1734074263387,135,6 - k Shortest paths,200,OK,Postgres 1-1,text,true,,19,0,1,1,null,135,0,0
1734074263522,133,6 - k Shortest paths,200,OK,Postgres 1-1,text,true,,19,0,1,1,null,133,0,0
1734074263655,143,6 - k Shortest paths,200,OK,Postgres 1-1,text,true,,19,0,1,1,null,143,0,0
1734074263798,138,6 - k Shortest paths,200,OK,Postgres 1-1,text,true,,19,0,1,1,null,138,0,0
1734074263936,135,6 - k Shortest paths,200,OK,Postgres 1-1,text,true,,19,0,1,1,null,135,0,0
1734074264071,133,6 - k Shortest paths,200,OK,Postgres 1-1,text,true,,19,0,1,1,null,132,0,0
1734074264204,143,6 - k Shortest paths,200,OK,Postgres 1-1,text,true,,19,0,1,1,null,143,0,0
1734074264347,142,6 - k Shortest paths,200,OK,Postgres 1-1,text,true,,19,0,1,1,null,142,0,0
1734074264489,146,6 - k Shortest paths,200,OK,Postgres 1-1,text,true,,19,0,1,1,null,146,0,0
1734074264635,134,6 - k Shortest paths,200,OK,Postgres 1-1,text,true,,19,0,1,1,null,134,0,0
1734074264770,4,7 - Forum of a message,200,OK,Postgres 1-1,text,true,,75,0,1,1,null,4,0,0
1734074264774,1,7 - Forum of a message,200,OK,Postgres 1-1,text,true,,75,0,1,1,null,1,0,0
1734074264775,0,7 - Forum of a message,200,OK,Postgres 1-1,text,true,,75,0,1,1,null,0,0,0
1734074264775,1,7 - Forum of a message,200,OK,Postgres 1-1,text,true,,75,0,1,1,null,1,0,0
1734074264776,1,7 - Forum of a message,200,OK,Postgres 1-1,text,true,,75,0,1,1,null,1,0,0
1734074264777,0,7 - Forum of a message,200,OK,Postgres 1-1,text,true,,75,0,1,1,null,0,0,0
1734074264778,0,7 - Forum of a message,200,OK,Postgres 1-1,text,true,,75,0,1,1,null,0,0,0
1734074264778,1,7 - Forum of a message,200,OK,Postgres 1-1,text,true,,75,0,1,1,null,1,0,0
1734074264779,0,7 - Forum of a message,200,OK,Postgres 1-1,text,true,,75,0,1,1,null,0,0,0
1734074264779,1,7 - Forum of a message,200,OK,Postgres 1-1,text,true,,75,0,1,1,null,1,0,0
1734074264780,0,7 - Forum of a message,200,OK,Postgres 1-1,text,true,,75,0,1,1,null,0,0,0
1734074264780,1,7 - Forum of a message,200,OK,Postgres 1-1,text,true,,75,0,1,1,null,1,0,0
1734074264781,0,7 - Forum of a message,200,OK,Postgres 1-1,text,true,,75,0,1,1,null,0,0,0
1734074264781,1,7 - Forum of a message,200,OK,Postgres 1-1,text,true,,75,0,1,1,null,1,0,0
1734074264782,0,7 - Forum of a message,200,OK,Postgres 1-1,text,true,,75,0,1,1,null,0,0,0
1734074264782,1,7 - Forum of a message,200,OK,Postgres 1-1,text,true,,75,0,1,1,null,0,0,0
1734074264783,269,8 - Recent messages by your friends,200,OK,Postgres 1-1,text,true,,2060,0,1,1,null,267,0,0
1734074265052,259,8 - Recent messages by your friends,200,OK,Postgres 1-1,text,true,,2060,0,1,1,null,257,0,0
1734074265311,228,8 - Recent messages by your friends,200,OK,Postgres 1-1,text,true,,2060,0,1,1,null,227,0,0
1734074265539,232,8 - Recent messages by your friends,200,OK,Postgres 1-1,text,true,,2060,0,1,1,null,231,0,0
1734074265771,55,8 - Recent messages by your friends,200,OK,Postgres 1-1,text,true,,61,0,1,1,null,55,0,0
1734074265826,52,8 - Recent messages by your friends,200,OK,Postgres 1-1,text,true,,61,0,1,1,null,52,0,0
1734074265878,52,8 - Recent messages by your friends,200,OK,Postgres 1-1,text,true,,61,0,1,1,null,52,0,0
1734074265930,54,8 - Recent messages by your friends,200,OK,Postgres 1-1,text,true,,61,0,1,1,null,54,0,0
1734074265984,55,8 - Recent messages by your friends,200,OK,Postgres 1-1,text,true,,61,0,1,1,null,55,0,0
1734074266040,51,8 - Recent messages by your friends,200,OK,Postgres 1-1,text,true,,61,0,1,1,null,51,0,0
1734074266091,53,8 - Recent messages by your friends,200,OK,Postgres 1-1,text,true,,61,0,1,1,null,52,0,0
1734074266144,51,8 - Recent messages by your friends,200,OK,Postgres 1-1,text,true,,61,0,1,1,null,51,0,0
1734074266195,55,8 - Recent messages by your friends,200,OK,Postgres 1-1,text,true,,61,0,1,1,null,55,0,0
1734074266250,58,8 - Recent messages by your friends,200,OK,Postgres 1-1,text,true,,61,0,1,1,null,58,0,0
1734074266308,54,8 - Recent messages by your friends,200,OK,Postgres 1-1,text,true,,61,0,1,1,null,54,0,0
1734074266364,54,8 - Recent messages by your friends,200,OK,Postgres 1-1,text,true,,61,0,1,1,null,54,0,0
1734074266419,6,9 - Friend recommendation,200,OK,Postgres 1-1,text,true,,63,0,1,1,null,6,0,0
1734074266425,2,9 - Friend recommendation,200,OK,Postgres 1-1,text,true,,63,0,1,1,null,2,0,0
1734074266427,2,9 - Friend recommendation,200,OK,Postgres 1-1,text,true,,63,0,1,1,null,2,0,0
1734074266430,2,9 - Friend recommendation,200,OK,Postgres 1-1,text,true,,63,0,1,1,null,2,0,0
1734074266432,725,9 - Friend recommendation,200,OK,Postgres 1-1,text,true,,553,0,1,1,null,725,0,0
1734074267157,628,9 - Friend recommendation,200,OK,Postgres 1-1,text,true,,553,0,1,1,null,628,0,0
1734074267786,621,9 - Friend recommendation,200,OK,Postgres 1-1,text,true,,553,0,1,1,null,621,0,0
1734074268407,611,9 - Friend recommendation,200,OK,Postgres 1-1,text,true,,553,0,1,1,null,611,0,0
1734074269018,3,9 - Friend recommendation,200,OK,Postgres 1-1,text,true,,63,0,1,1,null,3,0,0
1734074269021,3,9 - Friend recommendation,200,OK,Postgres 1-1,text,true,,63,0,1,1,null,3,0,0
1734074269024,2,9 - Friend recommendation,200,OK,Postgres 1-1,text,true,,63,0,1,1,null,2,0,0
1734074269026,2,9 - Friend recommendation,200,OK,Postgres 1-1,text,true,,63,0,1,1,null,2,0,0
1734074269028,3,9 - Friend recommendation,200,OK,Postgres 1-1,text,true,,63,0,1,1,null,3,0,0
1734074269031,2,9 - Friend recommendation,200,OK,Postgres 1-1,text,true,,63,0,1,1,null,2,0,0
1734074269033,2,9 - Friend recommendation,200,OK,Postgres 1-1,text,true,,63,0,1,1,null,2,0,0
1734074269035,2,9 - Friend recommendation,200,OK,Postgres 1-1,text,true,,63,0,1,1,null,2,0,0
1734074269038,2,10 - Replies of a message,200,OK,Postgres 1-1,text,true,,115,0,1,1,null,2,0,0
1734074269040,0,10 - Replies of a message,200,OK,Postgres 1-1,text,true,,115,0,1,1,null,0,0,0
1734074269040,1,10 - Replies of a message,200,OK,Postgres 1-1,text,true,,115,0,1,1,null,1,0,0
1734074269041,1,10 - Replies of a message,200,OK,Postgres 1-1,text,true,,115,0,1,1,null,1,0,0
1734074269042,0,10 - Replies of a message,200,OK,Postgres 1-1,text,true,,115,0,1,1,null,0,0,0
1734074269043,0,10 - Replies of a message,200,OK,Postgres 1-1,text,true,,115,0,1,1,null,0,0,0
1734074269043,1,10 - Replies of a message,200,OK,Postgres 1-1,text,true,,115,0,1,1,null,1,0,0
1734074269044,0,10 - Replies of a message,200,OK,Postgres 1-1,text,true,,115,0,1,1,null,0,0,0
1734074269044,1,10 - Replies of a message,200,OK,Postgres 1-1,text,true,,115,0,1,1,null,1,0,0
1734074269045,1,10 - Replies of a message,200,OK,Postgres 1-1,text,true,,115,0,1,1,null,1,0,0
1734074269046,1,10 - Replies of a message,200,OK,Postgres 1-1,text,true,,115,0,1,1,null,1,0,0
1734074269047,0,10 - Replies of a message,200,OK,Postgres 1-1,text,true,,115,0,1,1,null,0,0,0
1734074269047,1,10 - Replies of a message,200,OK,Postgres 1-1,text,true,,115,0,1,1,null,1,0,0
1734074269048,1,10 - Replies of a message,200,OK,Postgres 1-1,text,true,,115,0,1,1,null,1,0,0
1734074269049,0,10 - Replies of a message,200,OK,Postgres 1-1,text,true,,115,0,1,1,null,0,0,0
1734074269050,0,10 - Replies of a message,200,OK,Postgres 1-1,text,true,,115,0,1,1,null,0,0,0
