timeStamp,elapsed,label,responseCode,responseMessage,threadName,dataType,success,failureMessage,bytes,sentBytes,grpThreads,allThreads,URL,Latency,IdleTime,Connect
1734071640216,67,1 - Transitive friends - step 3,200,OK,Postgres 1-1,text,true,,111,0,1,1,null,66,0,0
1734071640294,3,1 - Transitive friends - step 3,200,OK,Postgres 1-1,text,true,,111,0,1,1,null,3,0,0
1734071640297,3,1 - Transitive friends - step 3,200,OK,Postgres 1-1,text,true,,111,0,1,1,null,3,0,0
1734071640300,3,1 - Transitive friends - step 3,200,OK,Postgres 1-1,text,true,,111,0,1,1,null,3,0,0
1734071640303,4,1 - Transitive friends - step 3,200,OK,Postgres 1-1,text,true,,111,0,1,1,null,4,0,0
1734071640307,3,1 - Transitive friends - step 3,200,OK,Postgres 1-1,text,true,,111,0,1,1,null,2,0,0
1734071640310,2,1 - Transitive friends - step 3,200,OK,Postgres 1-1,text,true,,111,0,1,1,null,2,0,0
1734071640313,2,1 - Transitive friends - step 3,200,OK,Postgres 1-1,text,true,,111,0,1,1,null,2,0,0
1734071640315,5,1 - Transitive friends - step 3,200,OK,Postgres 1-1,text,true,,111,0,1,1,null,5,0,0
1734071640320,3,1 - Transitive friends - step 3,200,OK,Postgres 1-1,text,true,,111,0,1,1,null,3,0,0
1734071640323,3,1 - Transitive friends - step 3,200,OK,Postgres 1-1,text,true,,111,0,1,1,null,3,0,0
1734071640327,2,1 - Transitive friends - step 3,200,OK,Postgres 1-1,text,true,,111,0,1,1,null,2,0,0
1734071640330,3,1 - Transitive friends - step 3,200,OK,Postgres 1-1,text,true,,111,0,1,1,null,3,0,0
1734071640333,3,1 - Transitive friends - step 3,200,OK,Postgres 1-1,text,true,,111,0,1,1,null,3,0,0
1734071640336,3,1 - Transitive friends - step 3,200,OK,Postgres 1-1,text,true,,111,0,1,1,null,3,0,0
1734071640339,3,1 - Transitive friends - step 3,200,OK,Postgres 1-1,text,true,,111,0,1,1,null,3,0,0
1734071640343,3,2 - Transitive friends - step 4,200,OK,Postgres 1-1,text,true,,111,0,1,1,null,3,0,0
1734071640346,2,2 - Transitive friends - step 4,200,OK,Postgres 1-1,text,true,,111,0,1,1,null,2,0,0
1734071640349,2,2 - Transitive friends - step 4,200,OK,Postgres 1-1,text,true,,111,0,1,1,null,2,0,0
1734071640352,2,2 - Transitive friends - step 4,200,OK,Postgres 1-1,text,true,,111,0,1,1,null,2,0,0
1734071640354,3,2 - Transitive friends - step 4,200,OK,Postgres 1-1,text,true,,111,0,1,1,null,3,0,0
1734071640357,3,2 - Transitive friends - step 4,200,OK,Postgres 1-1,text,true,,111,0,1,1,null,3,0,0
1734071640360,2,2 - Transitive friends - step 4,200,OK,Postgres 1-1,text,true,,111,0,1,1,null,2,0,0
1734071640363,2,2 - Transitive friends - step 4,200,OK,Postgres 1-1,text,true,,111,0,1,1,null,2,0,0
1734071640366,3,2 - Transitive friends - step 4,200,OK,Postgres 1-1,text,true,,111,0,1,1,null,3,0,0
1734071640369,3,2 - Transitive friends - step 4,200,OK,Postgres 1-1,text,true,,111,0,1,1,null,3,0,0
1734071640372,4,2 - Transitive friends - step 4,200,OK,Postgres 1-1,text,true,,111,0,1,1,null,3,0,0
1734071640376,3,2 - Transitive friends - step 4,200,OK,Postgres 1-1,text,true,,111,0,1,1,null,3,0,0
1734071640379,3,2 - Transitive friends - step 4,200,OK,Postgres 1-1,text,true,,111,0,1,1,null,3,0,0
1734071640382,2,2 - Transitive friends - step 4,200,OK,Postgres 1-1,text,true,,111,0,1,1,null,2,0,0
1734071640384,3,2 - Transitive friends - step 4,200,OK,Postgres 1-1,text,true,,111,0,1,1,null,3,0,0
1734071640387,2,2 - Transitive friends - step 4,200,OK,Postgres 1-1,text,true,,111,0,1,1,null,2,0,0
1734071640390,3,3 - Transitive friends - step 5,200,OK,Postgres 1-1,text,true,,111,0,1,1,null,3,0,0
1734071640393,3,3 - Transitive friends - step 5,200,OK,Postgres 1-1,text,true,,111,0,1,1,null,3,0,0
1734071640396,3,3 - Transitive friends - step 5,200,OK,Postgres 1-1,text,true,,111,0,1,1,null,3,0,0
1734071640399,2,3 - Transitive friends - step 5,200,OK,Postgres 1-1,text,true,,111,0,1,1,null,2,0,0
1734071640402,3,3 - Transitive friends - step 5,200,OK,Postgres 1-1,text,true,,111,0,1,1,null,3,0,0
1734071640406,2,3 - Transitive friends - step 5,200,OK,Postgres 1-1,text,true,,111,0,1,1,null,2,0,0
1734071640408,3,3 - Transitive friends - step 5,200,OK,Postgres 1-1,text,true,,111,0,1,1,null,3,0,0
1734071640411,2,3 - Transitive friends - step 5,200,OK,Postgres 1-1,text,true,,111,0,1,1,null,2,0,0
1734071640414,3,3 - Transitive friends - step 5,200,OK,Postgres 1-1,text,true,,111,0,1,1,null,3,0,0
1734071640417,3,3 - Transitive friends - step 5,200,OK,Postgres 1-1,text,true,,111,0,1,1,null,3,0,0
1734071640420,3,3 - Transitive friends - step 5,200,OK,Postgres 1-1,text,true,,111,0,1,1,null,3,0,0
1734071640423,3,3 - Transitive friends - step 5,200,OK,Postgres 1-1,text,true,,111,0,1,1,null,3,0,0
1734071640426,3,3 - Transitive friends - step 5,200,OK,Postgres 1-1,text,true,,111,0,1,1,null,3,0,0
1734071640429,3,3 - Transitive friends - step 5,200,OK,Postgres 1-1,text,true,,111,0,1,1,null,3,0,0
1734071640432,2,3 - Transitive friends - step 5,200,OK,Postgres 1-1,text,true,,111,0,1,1,null,2,0,0
1734071640435,2,3 - Transitive friends - step 5,200,OK,Postgres 1-1,text,true,,111,0,1,1,null,2,0,0
1734071640438,12,4 - Friends and fof that have been to countries,200,OK,Postgres 1-1,text,true,,51,0,1,1,null,12,0,0
1734071640451,3,4 - Friends and fof that have been to countries,200,OK,Postgres 1-1,text,true,,51,0,1,1,null,3,0,0
1734071640455,3,4 - Friends and fof that have been to countries,200,OK,Postgres 1-1,text,true,,51,0,1,1,null,3,0,0
1734071640459,3,4 - Friends and fof that have been to countries,200,OK,Postgres 1-1,text,true,,51,0,1,1,null,3,0,0
1734071640463,4,4 - Friends and fof that have been to countries,200,OK,Postgres 1-1,text,true,,51,0,1,1,null,4,0,0
1734071640467,3,4 - Friends and fof that have been to countries,200,OK,Postgres 1-1,text,true,,51,0,1,1,null,3,0,0
1734071640470,4,4 - Friends and fof that have been to countries,200,OK,Postgres 1-1,text,true,,51,0,1,1,null,4,0,0
1734071640474,3,4 - Friends and fof that have been to countries,200,OK,Postgres 1-1,text,true,,51,0,1,1,null,3,0,0
1734071640477,4,4 - Friends and fof that have been to countries,200,OK,Postgres 1-1,text,true,,51,0,1,1,null,4,0,0
1734071640481,4,4 - Friends and fof that have been to countries,200,OK,Postgres 1-1,text,true,,51,0,1,1,null,4,0,0
1734071640485,3,4 - Friends and fof that have been to countries,200,OK,Postgres 1-1,text,true,,51,0,1,1,null,3,0,0
1734071640488,4,4 - Friends and fof that have been to countries,200,OK,Postgres 1-1,text,true,,51,0,1,1,null,4,0,0
1734071640492,4,4 - Friends and fof that have been to countries,200,OK,Postgres 1-1,text,true,,51,0,1,1,null,4,0,0
1734071640496,3,4 - Friends and fof that have been to countries,200,OK,Postgres 1-1,text,true,,51,0,1,1,null,3,0,0
1734071640500,3,4 - Friends and fof that have been to countries,200,OK,Postgres 1-1,text,true,,51,0,1,1,null,3,0,0
1734071640503,4,4 - Friends and fof that have been to countries,200,OK,Postgres 1-1,text,true,,51,0,1,1,null,4,0,0
1734071640508,181,5 - Shortest path,200,OK,Postgres 1-1,text,true,,16,0,1,1,null,181,0,0
1734071640689,139,5 - Shortest path,200,OK,Postgres 1-1,text,true,,16,0,1,1,null,139,0,0
1734071640829,139,5 - Shortest path,200,OK,Postgres 1-1,text,true,,16,0,1,1,null,139,0,0
1734071640968,139,5 - Shortest path,200,OK,Postgres 1-1,text,true,,16,0,1,1,null,139,0,0
1734071641107,133,5 - Shortest path,200,OK,Postgres 1-1,text,true,,16,0,1,1,null,133,0,0
1734071641240,144,5 - Shortest path,200,OK,Postgres 1-1,text,true,,16,0,1,1,null,143,0,0
1734071641384,132,5 - Shortest path,200,OK,Postgres 1-1,text,true,,16,0,1,1,null,132,0,0
1734071641516,132,5 - Shortest path,200,OK,Postgres 1-1,text,true,,16,0,1,1,null,132,0,0
1734071641648,132,5 - Shortest path,200,OK,Postgres 1-1,text,true,,16,0,1,1,null,132,0,0
1734071641780,131,5 - Shortest path,200,OK,Postgres 1-1,text,true,,16,0,1,1,null,131,0,0
1734071641912,131,5 - Shortest path,200,OK,Postgres 1-1,text,true,,16,0,1,1,null,131,0,0
1734071642043,132,5 - Shortest path,200,OK,Postgres 1-1,text,true,,16,0,1,1,null,132,0,0
1734071642175,138,5 - Shortest path,200,OK,Postgres 1-1,text,true,,16,0,1,1,null,138,0,0
1734071642313,137,5 - Shortest path,200,OK,Postgres 1-1,text,true,,16,0,1,1,null,137,0,0
1734071642450,131,5 - Shortest path,200,OK,Postgres 1-1,text,true,,16,0,1,1,null,131,0,0
1734071642581,132,5 - Shortest path,200,OK,Postgres 1-1,text,true,,16,0,1,1,null,132,0,0
1734071642725,136,6 - k Shortest paths,200,OK,Postgres 1-1,text,true,,19,0,1,1,null,136,0,0
1734071642861,131,6 - k Shortest paths,200,OK,Postgres 1-1,text,true,,19,0,1,1,null,131,0,0
1734071642992,131,6 - k Shortest paths,200,OK,Postgres 1-1,text,true,,19,0,1,1,null,131,0,0
1734071643123,132,6 - k Shortest paths,200,OK,Postgres 1-1,text,true,,19,0,1,1,null,132,0,1
1734071643255,147,6 - k Shortest paths,200,OK,Postgres 1-1,text,true,,19,0,1,1,null,147,0,0
1734071643402,132,6 - k Shortest paths,200,OK,Postgres 1-1,text,true,,19,0,1,1,null,132,0,0
1734071643534,129,6 - k Shortest paths,200,OK,Postgres 1-1,text,true,,19,0,1,1,null,129,0,0
1734071643663,126,6 - k Shortest paths,200,OK,Postgres 1-1,text,true,,19,0,1,1,null,126,0,0
1734071643789,129,6 - k Shortest paths,200,OK,Postgres 1-1,text,true,,19,0,1,1,null,129,0,0
1734071643918,126,6 - k Shortest paths,200,OK,Postgres 1-1,text,true,,19,0,1,1,null,126,0,0
1734071644044,125,6 - k Shortest paths,200,OK,Postgres 1-1,text,true,,19,0,1,1,null,125,0,0
1734071644169,126,6 - k Shortest paths,200,OK,Postgres 1-1,text,true,,19,0,1,1,null,126,0,0
1734071644295,135,6 - k Shortest paths,200,OK,Postgres 1-1,text,true,,19,0,1,1,null,135,0,0
1734071644430,125,6 - k Shortest paths,200,OK,Postgres 1-1,text,true,,19,0,1,1,null,125,0,0
1734071644555,125,6 - k Shortest paths,200,OK,Postgres 1-1,text,true,,19,0,1,1,null,125,0,0
1734071644680,126,6 - k Shortest paths,200,OK,Postgres 1-1,text,true,,19,0,1,1,null,126,0,0
1734071644818,10,7 - Forum of a message,200,OK,Postgres 1-1,text,true,,75,0,1,1,null,9,0,0
1734071644828,0,7 - Forum of a message,200,OK,Postgres 1-1,text,true,,75,0,1,1,null,0,0,0
1734071644828,1,7 - Forum of a message,200,OK,Postgres 1-1,text,true,,75,0,1,1,null,1,0,0
1734071644829,1,7 - Forum of a message,200,OK,Postgres 1-1,text,true,,75,0,1,1,null,1,0,0
1734071644830,0,7 - Forum of a message,200,OK,Postgres 1-1,text,true,,75,0,1,1,null,0,0,0
1734071644830,1,7 - Forum of a message,200,OK,Postgres 1-1,text,true,,75,0,1,1,null,1,0,0
1734071644831,1,7 - Forum of a message,200,OK,Postgres 1-1,text,true,,75,0,1,1,null,1,0,0
1734071644832,0,7 - Forum of a message,200,OK,Postgres 1-1,text,true,,75,0,1,1,null,0,0,0
1734071644832,1,7 - Forum of a message,200,OK,Postgres 1-1,text,true,,75,0,1,1,null,1,0,0
1734071644833,0,7 - Forum of a message,200,OK,Postgres 1-1,text,true,,75,0,1,1,null,0,0,0
1734071644833,1,7 - Forum of a message,200,OK,Postgres 1-1,text,true,,75,0,1,1,null,1,0,0
1734071644834,0,7 - Forum of a message,200,OK,Postgres 1-1,text,true,,75,0,1,1,null,0,0,0
1734071644834,1,7 - Forum of a message,200,OK,Postgres 1-1,text,true,,75,0,1,1,null,1,0,0
1734071644835,0,7 - Forum of a message,200,OK,Postgres 1-1,text,true,,75,0,1,1,null,0,0,0
1734071644835,1,7 - Forum of a message,200,OK,Postgres 1-1,text,true,,75,0,1,1,null,1,0,0
1734071644836,0,7 - Forum of a message,200,OK,Postgres 1-1,text,true,,75,0,1,1,null,0,0,0
1734071644837,524,8 - Recent messages by your friends,200,OK,Postgres 1-1,text,true,,2060,0,1,1,null,522,0,0
1734071645362,211,8 - Recent messages by your friends,200,OK,Postgres 1-1,text,true,,2060,0,1,1,null,210,0,0
1734071645573,180,8 - Recent messages by your friends,200,OK,Postgres 1-1,text,true,,2060,0,1,1,null,179,0,0
1734071645753,183,8 - Recent messages by your friends,200,OK,Postgres 1-1,text,true,,2060,0,1,1,null,182,0,0
1734071645936,51,8 - Recent messages by your friends,200,OK,Postgres 1-1,text,true,,61,0,1,1,null,51,0,0
1734071645988,54,8 - Recent messages by your friends,200,OK,Postgres 1-1,text,true,,61,0,1,1,null,54,0,0
1734071646042,159,8 - Recent messages by your friends,200,OK,Postgres 1-1,text,true,,61,0,1,1,null,159,0,0
1734071646201,51,8 - Recent messages by your friends,200,OK,Postgres 1-1,text,true,,61,0,1,1,null,51,0,0
1734071646253,51,8 - Recent messages by your friends,200,OK,Postgres 1-1,text,true,,61,0,1,1,null,51,0,0
1734071646304,50,8 - Recent messages by your friends,200,OK,Postgres 1-1,text,true,,61,0,1,1,null,50,0,0
1734071646355,59,8 - Recent messages by your friends,200,OK,Postgres 1-1,text,true,,61,0,1,1,null,59,0,0
1734071646414,57,8 - Recent messages by your friends,200,OK,Postgres 1-1,text,true,,61,0,1,1,null,57,0,0
1734071646471,55,8 - Recent messages by your friends,200,OK,Postgres 1-1,text,true,,61,0,1,1,null,55,0,0
1734071646527,52,8 - Recent messages by your friends,200,OK,Postgres 1-1,text,true,,61,0,1,1,null,52,0,0
1734071646579,55,8 - Recent messages by your friends,200,OK,Postgres 1-1,text,true,,61,0,1,1,null,55,0,0
1734071646636,52,8 - Recent messages by your friends,200,OK,Postgres 1-1,text,true,,61,0,1,1,null,52,0,0
1734071646700,11,9 - Friend recommendation,200,OK,Postgres 1-1,text,true,,63,0,1,1,null,11,0,0
1734071646711,2,9 - Friend recommendation,200,OK,Postgres 1-1,text,true,,63,0,1,1,null,2,0,0
1734071646713,2,9 - Friend recommendation,200,OK,Postgres 1-1,text,true,,63,0,1,1,null,2,0,0
1734071646715,2,9 - Friend recommendation,200,OK,Postgres 1-1,text,true,,63,0,1,1,null,2,0,0
1734071646718,1362,9 - Friend recommendation,200,OK,Postgres 1-1,text,true,,553,0,1,1,null,1361,0,0
1734071648080,656,9 - Friend recommendation,200,OK,Postgres 1-1,text,true,,553,0,1,1,null,656,0,0
1734071648736,650,9 - Friend recommendation,200,OK,Postgres 1-1,text,true,,553,0,1,1,null,650,0,0
1734071649386,666,9 - Friend recommendation,200,OK,Postgres 1-1,text,true,,553,0,1,1,null,665,0,0
1734071650052,3,9 - Friend recommendation,200,OK,Postgres 1-1,text,true,,63,0,1,1,null,3,0,0
1734071650055,2,9 - Friend recommendation,200,OK,Postgres 1-1,text,true,,63,0,1,1,null,2,0,0
1734071650057,2,9 - Friend recommendation,200,OK,Postgres 1-1,text,true,,63,0,1,1,null,2,0,0
1734071650060,2,9 - Friend recommendation,200,OK,Postgres 1-1,text,true,,63,0,1,1,null,2,0,0
1734071650062,9,9 - Friend recommendation,200,OK,Postgres 1-1,text,true,,63,0,1,1,null,9,0,0
1734071650071,2,9 - Friend recommendation,200,OK,Postgres 1-1,text,true,,63,0,1,1,null,2,0,0
1734071650073,2,9 - Friend recommendation,200,OK,Postgres 1-1,text,true,,63,0,1,1,null,2,0,0
1734071650075,3,9 - Friend recommendation,200,OK,Postgres 1-1,text,true,,63,0,1,1,null,3,0,0
1734071650079,2,10 - Replies of a message,200,OK,Postgres 1-1,text,true,,115,0,1,1,null,2,0,0
1734071650081,0,10 - Replies of a message,200,OK,Postgres 1-1,text,true,,115,0,1,1,null,0,0,0
1734071650082,0,10 - Replies of a message,200,OK,Postgres 1-1,text,true,,115,0,1,1,null,0,0,0
1734071650082,1,10 - Replies of a message,200,OK,Postgres 1-1,text,true,,115,0,1,1,null,1,0,0
1734071650083,1,10 - Replies of a message,200,OK,Postgres 1-1,text,true,,115,0,1,1,null,1,0,0
1734071650084,0,10 - Replies of a message,200,OK,Postgres 1-1,text,true,,115,0,1,1,null,0,0,0
1734071650084,1,10 - Replies of a message,200,OK,Postgres 1-1,text,true,,115,0,1,1,null,1,0,0
1734071650085,1,10 - Replies of a message,200,OK,Postgres 1-1,text,true,,115,0,1,1,null,1,0,0
1734071650086,0,10 - Replies of a message,200,OK,Postgres 1-1,text,true,,115,0,1,1,null,0,0,0
1734071650087,0,10 - Replies of a message,200,OK,Postgres 1-1,text,true,,115,0,1,1,null,0,0,0
1734071650087,1,10 - Replies of a message,200,OK,Postgres 1-1,text,true,,115,0,1,1,null,1,0,0
1734071650088,1,10 - Replies of a message,200,OK,Postgres 1-1,text,true,,115,0,1,1,null,1,0,0
1734071650089,0,10 - Replies of a message,200,OK,Postgres 1-1,text,true,,115,0,1,1,null,0,0,0
1734071650089,1,10 - Replies of a message,200,OK,Postgres 1-1,text,true,,115,0,1,1,null,1,0,0
1734071650090,1,10 - Replies of a message,200,OK,Postgres 1-1,text,true,,115,0,1,1,null,1,0,0
1734071650091,0,10 - Replies of a message,200,OK,Postgres 1-1,text,true,,115,0,1,1,null,0,0,0
