timeStamp,elapsed,label,responseCode,responseMessage,threadName,dataType,success,failureMessage,bytes,sentBytes,grpThreads,allThreads,URL,Latency,IdleTime,Connect
1734091493891,96,1 - Transitive friends - step 3,200,OK,Postgres 1-1,text,true,,3174,0,1,1,null,93,0,0
1734091493989,77,1 - Transitive friends - step 3,200,OK,Postgres 1-1,text,true,,3174,0,1,1,null,76,0,0
1734091494067,75,1 - Transitive friends - step 3,200,OK,Postgres 1-1,text,true,,3174,0,1,1,null,74,0,0
1734091494142,75,1 - Transitive friends - step 3,200,OK,Postgres 1-1,text,true,,3174,0,1,1,null,74,0,0
1734091494217,6,1 - Transitive friends - step 3,200,OK,Postgres 1-1,text,true,,837,0,1,1,null,5,0,0
1734091494223,3,1 - Transitive friends - step 3,200,OK,Postgres 1-1,text,true,,837,0,1,1,null,3,0,0
1734091494226,3,1 - Transitive friends - step 3,200,OK,Postgres 1-1,text,true,,837,0,1,1,null,3,0,0
1734091494229,3,1 - Transitive friends - step 3,200,OK,Postgres 1-1,text,true,,837,0,1,1,null,3,0,0
1734091494232,10,1 - Transitive friends - step 3,200,OK,Postgres 1-1,text,true,,3212,0,1,1,null,9,0,0
1734091494242,9,1 - Transitive friends - step 3,200,OK,Postgres 1-1,text,true,,3212,0,1,1,null,8,0,0
1734091494252,8,1 - Transitive friends - step 3,200,OK,Postgres 1-1,text,true,,3212,0,1,1,null,7,0,0
1734091494260,9,1 - Transitive friends - step 3,200,OK,Postgres 1-1,text,true,,3212,0,1,1,null,8,0,0
1734091494269,22,1 - Transitive friends - step 3,200,OK,Postgres 1-1,text,true,,2262,0,1,1,null,22,0,0
1734091494292,21,1 - Transitive friends - step 3,200,OK,Postgres 1-1,text,true,,2262,0,1,1,null,21,0,0
1734091494313,22,1 - Transitive friends - step 3,200,OK,Postgres 1-1,text,true,,2262,0,1,1,null,22,0,0
1734091494335,24,1 - Transitive friends - step 3,200,OK,Postgres 1-1,text,true,,2262,0,1,1,null,24,0,0
1734091494360,1192,2 - Transitive friends - step 4,200,OK,Postgres 1-1,text,true,,3174,0,1,1,null,1191,0,0
1734091495552,1229,2 - Transitive friends - step 4,200,OK,Postgres 1-1,text,true,,3174,0,1,1,null,1229,0,0
1734091496781,1262,2 - Transitive friends - step 4,200,OK,Postgres 1-1,text,true,,3174,0,1,1,null,1262,0,0
1734091498043,1276,2 - Transitive friends - step 4,200,OK,Postgres 1-1,text,true,,3174,0,1,1,null,1275,0,1
1734091499318,21,2 - Transitive friends - step 4,200,OK,Postgres 1-1,text,true,,1273,0,1,1,null,21,0,0
1734091499339,7,2 - Transitive friends - step 4,200,OK,Postgres 1-1,text,true,,1273,0,1,1,null,7,0,0
1734091499346,7,2 - Transitive friends - step 4,200,OK,Postgres 1-1,text,true,,1273,0,1,1,null,6,0,0
1734091499353,6,2 - Transitive friends - step 4,200,OK,Postgres 1-1,text,true,,1273,0,1,1,null,6,0,0
1734091499359,62,2 - Transitive friends - step 4,200,OK,Postgres 1-1,text,true,,3212,0,1,1,null,62,0,0
1734091499421,63,2 - Transitive friends - step 4,200,OK,Postgres 1-1,text,true,,3212,0,1,1,null,63,0,0
1734091499485,62,2 - Transitive friends - step 4,200,OK,Postgres 1-1,text,true,,3212,0,1,1,null,62,0,0
1734091499548,64,2 - Transitive friends - step 4,200,OK,Postgres 1-1,text,true,,3212,0,1,1,null,64,0,0
1734091499613,424,2 - Transitive friends - step 4,200,OK,Postgres 1-1,text,true,,2262,0,1,1,null,424,0,0
1734091500039,372,2 - Transitive friends - step 4,200,OK,Postgres 1-1,text,true,,2262,0,1,1,null,371,0,0
1734091500411,386,2 - Transitive friends - step 4,200,OK,Postgres 1-1,text,true,,2262,0,1,1,null,386,0,0
1734091500798,377,2 - Transitive friends - step 4,200,OK,Postgres 1-1,text,true,,2262,0,1,1,null,376,0,0
1734091501176,15839,3 - Transitive friends - step 5,200,OK,Postgres 1-1,text,true,,3174,0,1,1,null,15839,0,0
1734091517016,16096,3 - Transitive friends - step 5,200,OK,Postgres 1-1,text,true,,3174,0,1,1,null,16096,0,0
1734091533114,16301,3 - Transitive friends - step 5,200,OK,Postgres 1-1,text,true,,3174,0,1,1,null,16301,0,0
1734091549414,16283,3 - Transitive friends - step 5,200,OK,Postgres 1-1,text,true,,3174,0,1,1,null,16283,0,0
1734091565700,188,3 - Transitive friends - step 5,200,OK,Postgres 1-1,text,true,,1617,0,1,1,null,188,0,0
1734091565888,23,3 - Transitive friends - step 5,200,OK,Postgres 1-1,text,true,,1617,0,1,1,null,22,0,0
1734091565911,22,3 - Transitive friends - step 5,200,OK,Postgres 1-1,text,true,,1617,0,1,1,null,22,0,0
1734091565933,23,3 - Transitive friends - step 5,200,OK,Postgres 1-1,text,true,,1617,0,1,1,null,22,0,0
1734091565956,645,3 - Transitive friends - step 5,200,OK,Postgres 1-1,text,true,,3212,0,1,1,null,645,0,0
1734091566601,644,3 - Transitive friends - step 5,200,OK,Postgres 1-1,text,true,,3212,0,1,1,null,644,0,0
1734091567245,632,3 - Transitive friends - step 5,200,OK,Postgres 1-1,text,true,,3212,0,1,1,null,632,0,0
1734091567878,655,3 - Transitive friends - step 5,200,OK,Postgres 1-1,text,true,,3212,0,1,1,null,654,0,0
1734091568533,4619,3 - Transitive friends - step 5,200,OK,Postgres 1-1,text,true,,2262,0,1,1,null,4619,0,0
1734091573151,4574,3 - Transitive friends - step 5,200,OK,Postgres 1-1,text,true,,2262,0,1,1,null,4574,0,0
1734091577726,4639,3 - Transitive friends - step 5,200,OK,Postgres 1-1,text,true,,2262,0,1,1,null,4639,0,0
1734091582365,4631,3 - Transitive friends - step 5,200,OK,Postgres 1-1,text,true,,2262,0,1,1,null,4631,0,0
1734091586996,136,4 - Friends and fof that have been to countries,200,OK,Postgres 1-1,text,true,,85,0,1,1,null,135,0,0
1734091587132,78,4 - Friends and fof that have been to countries,200,OK,Postgres 1-1,text,true,,85,0,1,1,null,77,0,0
1734091587210,176,4 - Friends and fof that have been to countries,200,OK,Postgres 1-1,text,true,,85,0,1,1,null,176,0,0
1734091587386,74,4 - Friends and fof that have been to countries,200,OK,Postgres 1-1,text,true,,85,0,1,1,null,74,0,0
1734091587460,182,4 - Friends and fof that have been to countries,200,OK,Postgres 1-1,text,true,,231,0,1,1,null,182,0,0
1734091587642,94,4 - Friends and fof that have been to countries,200,OK,Postgres 1-1,text,true,,231,0,1,1,null,94,0,0
1734091587736,92,4 - Friends and fof that have been to countries,200,OK,Postgres 1-1,text,true,,231,0,1,1,null,92,0,0
1734091587829,180,4 - Friends and fof that have been to countries,200,OK,Postgres 1-1,text,true,,231,0,1,1,null,180,0,0
1734091588010,78,4 - Friends and fof that have been to countries,200,OK,Postgres 1-1,text,true,,188,0,1,1,null,78,0,0
1734091588088,79,4 - Friends and fof that have been to countries,200,OK,Postgres 1-1,text,true,,188,0,1,1,null,79,0,0
1734091588167,77,4 - Friends and fof that have been to countries,200,OK,Postgres 1-1,text,true,,188,0,1,1,null,77,0,0
1734091588244,75,4 - Friends and fof that have been to countries,200,OK,Postgres 1-1,text,true,,188,0,1,1,null,75,0,0
1734091588319,171,4 - Friends and fof that have been to countries,200,OK,Postgres 1-1,text,true,,155,0,1,1,null,171,0,0
1734091588490,81,4 - Friends and fof that have been to countries,200,OK,Postgres 1-1,text,true,,155,0,1,1,null,80,0,0
1734091588571,80,4 - Friends and fof that have been to countries,200,OK,Postgres 1-1,text,true,,155,0,1,1,null,80,0,0
1734091588651,81,4 - Friends and fof that have been to countries,200,OK,Postgres 1-1,text,true,,155,0,1,1,null,81,0,0
1734091588733,34,5 - Shortest path,200,OK,Postgres 1-1,text,true,,37,0,1,1,null,34,0,0
1734091588767,25,5 - Shortest path,200,OK,Postgres 1-1,text,true,,37,0,1,1,null,25,0,0
1734091588792,24,5 - Shortest path,200,OK,Postgres 1-1,text,true,,37,0,1,1,null,24,0,0
1734091588816,24,5 - Shortest path,200,OK,Postgres 1-1,text,true,,37,0,1,1,null,24,0,0
1734091588840,24,5 - Shortest path,200,OK,Postgres 1-1,text,true,,57,0,1,1,null,24,0,0
1734091588864,24,5 - Shortest path,200,OK,Postgres 1-1,text,true,,57,0,1,1,null,24,0,0
1734091588889,24,5 - Shortest path,200,OK,Postgres 1-1,text,true,,57,0,1,1,null,24,0,0
1734091588913,23,5 - Shortest path,200,OK,Postgres 1-1,text,true,,57,0,1,1,null,23,0,0
1734091588936,24,5 - Shortest path,200,OK,Postgres 1-1,text,true,,48,0,1,1,null,24,0,0
1734091588960,25,5 - Shortest path,200,OK,Postgres 1-1,text,true,,48,0,1,1,null,25,0,0
1734091588985,24,5 - Shortest path,200,OK,Postgres 1-1,text,true,,48,0,1,1,null,24,0,0
1734091589009,24,5 - Shortest path,200,OK,Postgres 1-1,text,true,,48,0,1,1,null,24,0,0
1734091589033,24,5 - Shortest path,200,OK,Postgres 1-1,text,true,,71,0,1,1,null,23,0,0
1734091589057,24,5 - Shortest path,200,OK,Postgres 1-1,text,true,,71,0,1,1,null,24,0,0
1734091589081,24,5 - Shortest path,200,OK,Postgres 1-1,text,true,,71,0,1,1,null,24,0,0
1734091589106,23,5 - Shortest path,200,OK,Postgres 1-1,text,true,,71,0,1,1,null,23,0,0
1734091589130,26,6 - k Shortest paths,200,OK,Postgres 1-1,text,true,,133,0,1,1,null,26,0,0
1734091589157,26,6 - k Shortest paths,200,OK,Postgres 1-1,text,true,,133,0,1,1,null,26,0,0
1734091589183,27,6 - k Shortest paths,200,OK,Postgres 1-1,text,true,,133,0,1,1,null,26,0,0
1734091589210,26,6 - k Shortest paths,200,OK,Postgres 1-1,text,true,,133,0,1,1,null,26,0,0
1734091589236,26,6 - k Shortest paths,200,OK,Postgres 1-1,text,true,,162,0,1,1,null,26,0,0
1734091589263,24,6 - k Shortest paths,200,OK,Postgres 1-1,text,true,,162,0,1,1,null,24,0,0
1734091589287,25,6 - k Shortest paths,200,OK,Postgres 1-1,text,true,,162,0,1,1,null,25,0,0
1734091589312,26,6 - k Shortest paths,200,OK,Postgres 1-1,text,true,,162,0,1,1,null,26,0,0
1734091589338,28,6 - k Shortest paths,200,OK,Postgres 1-1,text,true,,138,0,1,1,null,28,0,0
1734091589366,27,6 - k Shortest paths,200,OK,Postgres 1-1,text,true,,138,0,1,1,null,27,0,0
1734091589393,27,6 - k Shortest paths,200,OK,Postgres 1-1,text,true,,138,0,1,1,null,27,0,0
1734091589420,27,6 - k Shortest paths,200,OK,Postgres 1-1,text,true,,138,0,1,1,null,27,0,0
1734091589447,28,6 - k Shortest paths,200,OK,Postgres 1-1,text,true,,205,0,1,1,null,28,0,0
1734091589475,27,6 - k Shortest paths,200,OK,Postgres 1-1,text,true,,205,0,1,1,null,27,0,0
1734091589503,26,6 - k Shortest paths,200,OK,Postgres 1-1,text,true,,205,0,1,1,null,26,0,0
1734091589529,28,6 - k Shortest paths,200,OK,Postgres 1-1,text,true,,205,0,1,1,null,27,0,0
1734091589557,3,7 - Forum of a message,200,OK,Postgres 1-1,text,true,,115,0,1,1,null,3,0,0
1734091589560,0,7 - Forum of a message,200,OK,Postgres 1-1,text,true,,115,0,1,1,null,0,0,0
1734091589560,1,7 - Forum of a message,200,OK,Postgres 1-1,text,true,,115,0,1,1,null,1,0,0
1734091589561,0,7 - Forum of a message,200,OK,Postgres 1-1,text,true,,115,0,1,1,null,0,0,0
1734091589561,1,7 - Forum of a message,200,OK,Postgres 1-1,text,true,,115,0,1,1,null,1,0,0
1734091589562,1,7 - Forum of a message,200,OK,Postgres 1-1,text,true,,115,0,1,1,null,1,0,0
1734091589563,0,7 - Forum of a message,200,OK,Postgres 1-1,text,true,,115,0,1,1,null,0,0,0
1734091589563,0,7 - Forum of a message,200,OK,Postgres 1-1,text,true,,115,0,1,1,null,0,0,0
1734091589563,1,7 - Forum of a message,200,OK,Postgres 1-1,text,true,,118,0,1,1,null,1,0,0
1734091589564,0,7 - Forum of a message,200,OK,Postgres 1-1,text,true,,118,0,1,1,null,0,0,0
1734091589564,0,7 - Forum of a message,200,OK,Postgres 1-1,text,true,,118,0,1,1,null,0,0,0
1734091589565,0,7 - Forum of a message,200,OK,Postgres 1-1,text,true,,118,0,1,1,null,0,0,0
1734091589565,0,7 - Forum of a message,200,OK,Postgres 1-1,text,true,,118,0,1,1,null,0,0,0
1734091589565,0,7 - Forum of a message,200,OK,Postgres 1-1,text,true,,118,0,1,1,null,0,0,0
1734091589566,0,7 - Forum of a message,200,OK,Postgres 1-1,text,true,,118,0,1,1,null,0,0,0
1734091589566,0,7 - Forum of a message,200,OK,Postgres 1-1,text,true,,118,0,1,1,null,0,0,0
1734091589566,47,8 - Recent messages by your friends,200,OK,Postgres 1-1,text,true,,1885,0,1,1,null,47,0,0
1734091589613,45,8 - Recent messages by your friends,200,OK,Postgres 1-1,text,true,,1885,0,1,1,null,45,0,0
1734091589658,46,8 - Recent messages by your friends,200,OK,Postgres 1-1,text,true,,1885,0,1,1,null,45,0,0
1734091589704,45,8 - Recent messages by your friends,200,OK,Postgres 1-1,text,true,,1885,0,1,1,null,45,0,0
1734091589749,40,8 - Recent messages by your friends,200,OK,Postgres 1-1,text,true,,3365,0,1,1,null,40,0,0
1734091589789,36,8 - Recent messages by your friends,200,OK,Postgres 1-1,text,true,,3365,0,1,1,null,36,0,0
1734091589825,38,8 - Recent messages by your friends,200,OK,Postgres 1-1,text,true,,3365,0,1,1,null,38,0,0
1734091589864,37,8 - Recent messages by your friends,200,OK,Postgres 1-1,text,true,,3365,0,1,1,null,37,0,0
1734091589901,40,8 - Recent messages by your friends,200,OK,Postgres 1-1,text,true,,2712,0,1,1,null,40,0,0
1734091589941,39,8 - Recent messages by your friends,200,OK,Postgres 1-1,text,true,,2712,0,1,1,null,39,0,0
1734091589980,37,8 - Recent messages by your friends,200,OK,Postgres 1-1,text,true,,2712,0,1,1,null,37,0,0
1734091590018,132,8 - Recent messages by your friends,200,OK,Postgres 1-1,text,true,,2712,0,1,1,null,132,0,1
1734091590151,45,8 - Recent messages by your friends,200,OK,Postgres 1-1,text,true,,2322,0,1,1,null,45,0,0
1734091590197,45,8 - Recent messages by your friends,200,OK,Postgres 1-1,text,true,,2322,0,1,1,null,45,0,0
1734091590242,45,8 - Recent messages by your friends,200,OK,Postgres 1-1,text,true,,2322,0,1,1,null,45,0,0
1734091590289,46,8 - Recent messages by your friends,200,OK,Postgres 1-1,text,true,,2322,0,1,1,null,46,0,0
1734091590336,179,9 - Friend recommendation,200,OK,Postgres 1-1,text,true,,540,0,1,1,null,178,0,0
1734091590515,140,9 - Friend recommendation,200,OK,Postgres 1-1,text,true,,540,0,1,1,null,140,0,0
1734091590656,143,9 - Friend recommendation,200,OK,Postgres 1-1,text,true,,540,0,1,1,null,143,0,0
1734091590799,143,9 - Friend recommendation,200,OK,Postgres 1-1,text,true,,540,0,1,1,null,142,0,0
1734091590942,1744,9 - Friend recommendation,200,OK,Postgres 1-1,text,true,,520,0,1,1,null,1744,0,0
1734091592686,1763,9 - Friend recommendation,200,OK,Postgres 1-1,text,true,,520,0,1,1,null,1763,0,0
1734091594449,1728,9 - Friend recommendation,200,OK,Postgres 1-1,text,true,,520,0,1,1,null,1728,0,0
1734091596177,1771,9 - Friend recommendation,200,OK,Postgres 1-1,text,true,,520,0,1,1,null,1771,0,0
1734091597949,1016,9 - Friend recommendation,200,OK,Postgres 1-1,text,true,,520,0,1,1,null,1016,0,0
1734091598966,1026,9 - Friend recommendation,200,OK,Postgres 1-1,text,true,,520,0,1,1,null,1025,0,0
1734091599992,1041,9 - Friend recommendation,200,OK,Postgres 1-1,text,true,,520,0,1,1,null,1041,0,0
1734091601033,1014,9 - Friend recommendation,200,OK,Postgres 1-1,text,true,,520,0,1,1,null,1014,0,0
1734091602047,1735,9 - Friend recommendation,200,OK,Postgres 1-1,text,true,,515,0,1,1,null,1735,0,0
1734091603783,1754,9 - Friend recommendation,200,OK,Postgres 1-1,text,true,,515,0,1,1,null,1754,0,0
1734091605538,1765,9 - Friend recommendation,200,OK,Postgres 1-1,text,true,,515,0,1,1,null,1765,0,0
1734091607304,1794,9 - Friend recommendation,200,OK,Postgres 1-1,text,true,,515,0,1,1,null,1794,0,0
1734091609099,142,10 - Replies of a message,200,OK,Postgres 1-1,text,true,,1141,0,1,1,null,141,0,0
1734091609241,25,10 - Replies of a message,200,OK,Postgres 1-1,text,true,,1141,0,1,1,null,25,0,0
1734091609266,25,10 - Replies of a message,200,OK,Postgres 1-1,text,true,,1141,0,1,1,null,25,0,0
1734091609291,29,10 - Replies of a message,200,OK,Postgres 1-1,text,true,,1141,0,1,1,null,29,0,0
1734091609320,26,10 - Replies of a message,200,OK,Postgres 1-1,text,true,,1048,0,1,1,null,26,0,0
1734091609346,24,10 - Replies of a message,200,OK,Postgres 1-1,text,true,,1048,0,1,1,null,24,0,0
1734091609371,24,10 - Replies of a message,200,OK,Postgres 1-1,text,true,,1048,0,1,1,null,24,0,0
1734091609395,25,10 - Replies of a message,200,OK,Postgres 1-1,text,true,,1048,0,1,1,null,25,0,0
1734091609420,25,10 - Replies of a message,200,OK,Postgres 1-1,text,true,,315,0,1,1,null,25,0,0
1734091609445,25,10 - Replies of a message,200,OK,Postgres 1-1,text,true,,315,0,1,1,null,25,0,0
1734091609470,24,10 - Replies of a message,200,OK,Postgres 1-1,text,true,,315,0,1,1,null,24,0,0
1734091609494,25,10 - Replies of a message,200,OK,Postgres 1-1,text,true,,315,0,1,1,null,25,0,0
1734091609519,27,10 - Replies of a message,200,OK,Postgres 1-1,text,true,,574,0,1,1,null,27,0,0
1734091609546,25,10 - Replies of a message,200,OK,Postgres 1-1,text,true,,574,0,1,1,null,24,0,0
1734091609571,24,10 - Replies of a message,200,OK,Postgres 1-1,text,true,,574,0,1,1,null,24,0,0
1734091609595,23,10 - Replies of a message,200,OK,Postgres 1-1,text,true,,574,0,1,1,null,23,0,0
