timeStamp,elapsed,label,responseCode,responseMessage,threadName,dataType,success,failureMessage,bytes,sentBytes,grpThreads,allThreads,URL,Latency,IdleTime,Connect
1734092368023,99,1 - Transitive friends - step 3,200,OK,Postgres 1-1,text,true,,3174,0,1,1,null,96,0,0
1734092368124,79,1 - Transitive friends - step 3,200,OK,Postgres 1-1,text,true,,3174,0,1,1,null,77,0,1
1734092368203,87,1 - Transitive friends - step 3,200,OK,Postgres 1-1,text,true,,3174,0,1,1,null,86,0,0
1734092368290,85,1 - Transitive friends - step 3,200,OK,Postgres 1-1,text,true,,3174,0,1,1,null,84,0,0
1734092368375,6,1 - Transitive friends - step 3,200,OK,Postgres 1-1,text,true,,837,0,1,1,null,5,0,0
1734092368381,3,1 - Transitive friends - step 3,200,OK,Postgres 1-1,text,true,,837,0,1,1,null,3,0,0
1734092368384,4,1 - Transitive friends - step 3,200,OK,Postgres 1-1,text,true,,837,0,1,1,null,3,0,0
1734092368388,3,1 - Transitive friends - step 3,200,OK,Postgres 1-1,text,true,,837,0,1,1,null,2,0,0
1734092368391,11,1 - Transitive friends - step 3,200,OK,Postgres 1-1,text,true,,3212,0,1,1,null,10,0,0
1734092368402,9,1 - Transitive friends - step 3,200,OK,Postgres 1-1,text,true,,3212,0,1,1,null,8,0,0
1734092368411,9,1 - Transitive friends - step 3,200,OK,Postgres 1-1,text,true,,3212,0,1,1,null,8,0,0
1734092368420,8,1 - Transitive friends - step 3,200,OK,Postgres 1-1,text,true,,3212,0,1,1,null,7,0,0
1734092368428,23,1 - Transitive friends - step 3,200,OK,Postgres 1-1,text,true,,2262,0,1,1,null,22,0,0
1734092368451,24,1 - Transitive friends - step 3,200,OK,Postgres 1-1,text,true,,2262,0,1,1,null,24,0,0
1734092368476,23,1 - Transitive friends - step 3,200,OK,Postgres 1-1,text,true,,2262,0,1,1,null,23,0,0
1734092368499,22,1 - Transitive friends - step 3,200,OK,Postgres 1-1,text,true,,2262,0,1,1,null,22,0,0
1734092368522,1252,2 - Transitive friends - step 4,200,OK,Postgres 1-1,text,true,,3174,0,1,1,null,1251,0,0
1734092369774,1241,2 - Transitive friends - step 4,200,OK,Postgres 1-1,text,true,,3174,0,1,1,null,1241,0,0
1734092371017,1285,2 - Transitive friends - step 4,200,OK,Postgres 1-1,text,true,,3174,0,1,1,null,1284,0,0
1734092372302,1282,2 - Transitive friends - step 4,200,OK,Postgres 1-1,text,true,,3174,0,1,1,null,1282,0,0
1734092373584,21,2 - Transitive friends - step 4,200,OK,Postgres 1-1,text,true,,1273,0,1,1,null,21,0,0
1734092373605,7,2 - Transitive friends - step 4,200,OK,Postgres 1-1,text,true,,1273,0,1,1,null,6,0,0
1734092373612,6,2 - Transitive friends - step 4,200,OK,Postgres 1-1,text,true,,1273,0,1,1,null,6,0,0
1734092373618,7,2 - Transitive friends - step 4,200,OK,Postgres 1-1,text,true,,1273,0,1,1,null,7,0,0
1734092373625,61,2 - Transitive friends - step 4,200,OK,Postgres 1-1,text,true,,3212,0,1,1,null,61,0,0
1734092373687,62,2 - Transitive friends - step 4,200,OK,Postgres 1-1,text,true,,3212,0,1,1,null,62,0,0
1734092373749,63,2 - Transitive friends - step 4,200,OK,Postgres 1-1,text,true,,3212,0,1,1,null,63,0,0
1734092373813,65,2 - Transitive friends - step 4,200,OK,Postgres 1-1,text,true,,3212,0,1,1,null,64,0,0
1734092373878,340,2 - Transitive friends - step 4,200,OK,Postgres 1-1,text,true,,2262,0,1,1,null,339,0,0
1734092374218,365,2 - Transitive friends - step 4,200,OK,Postgres 1-1,text,true,,2262,0,1,1,null,365,0,0
1734092374584,351,2 - Transitive friends - step 4,200,OK,Postgres 1-1,text,true,,2262,0,1,1,null,351,0,0
1734092374935,343,2 - Transitive friends - step 4,200,OK,Postgres 1-1,text,true,,2262,0,1,1,null,343,0,0
1734092375279,16897,3 - Transitive friends - step 5,200,OK,Postgres 1-1,text,true,,3174,0,1,1,null,16897,0,0
1734092392177,18535,3 - Transitive friends - step 5,200,OK,Postgres 1-1,text,true,,3174,0,1,1,null,18534,0,0
1734092410712,18677,3 - Transitive friends - step 5,200,OK,Postgres 1-1,text,true,,3174,0,1,1,null,18676,0,0
1734092429389,17436,3 - Transitive friends - step 5,200,OK,Postgres 1-1,text,true,,3174,0,1,1,null,17436,0,0
1734092446825,182,3 - Transitive friends - step 5,200,OK,Postgres 1-1,text,true,,1617,0,1,1,null,181,0,0
1734092447007,26,3 - Transitive friends - step 5,200,OK,Postgres 1-1,text,true,,1617,0,1,1,null,26,0,0
1734092447033,27,3 - Transitive friends - step 5,200,OK,Postgres 1-1,text,true,,1617,0,1,1,null,27,0,0
1734092447060,25,3 - Transitive friends - step 5,200,OK,Postgres 1-1,text,true,,1617,0,1,1,null,25,0,0
1734092447085,694,3 - Transitive friends - step 5,200,OK,Postgres 1-1,text,true,,3212,0,1,1,null,693,0,0
1734092447779,692,3 - Transitive friends - step 5,200,OK,Postgres 1-1,text,true,,3212,0,1,1,null,691,0,0
1734092448470,681,3 - Transitive friends - step 5,200,OK,Postgres 1-1,text,true,,3212,0,1,1,null,681,0,0
1734092449151,735,3 - Transitive friends - step 5,200,OK,Postgres 1-1,text,true,,3212,0,1,1,null,734,0,0
1734092449886,5044,3 - Transitive friends - step 5,200,OK,Postgres 1-1,text,true,,2262,0,1,1,null,5043,0,0
1734092454930,4923,3 - Transitive friends - step 5,200,OK,Postgres 1-1,text,true,,2262,0,1,1,null,4923,0,0
1734092459853,4874,3 - Transitive friends - step 5,200,OK,Postgres 1-1,text,true,,2262,0,1,1,null,4874,0,0
1734092464729,4838,3 - Transitive friends - step 5,200,OK,Postgres 1-1,text,true,,2262,0,1,1,null,4838,0,0
1734092469568,192,4 - Friends and fof that have been to countries,200,OK,Postgres 1-1,text,true,,85,0,1,1,null,192,0,0
1734092469760,80,4 - Friends and fof that have been to countries,200,OK,Postgres 1-1,text,true,,85,0,1,1,null,80,0,1
1734092469840,177,4 - Friends and fof that have been to countries,200,OK,Postgres 1-1,text,true,,85,0,1,1,null,177,0,0
1734092470017,186,4 - Friends and fof that have been to countries,200,OK,Postgres 1-1,text,true,,85,0,1,1,null,186,0,0
1734092470204,184,4 - Friends and fof that have been to countries,200,OK,Postgres 1-1,text,true,,231,0,1,1,null,184,0,0
1734092470388,102,4 - Friends and fof that have been to countries,200,OK,Postgres 1-1,text,true,,231,0,1,1,null,101,0,0
1734092470490,99,4 - Friends and fof that have been to countries,200,OK,Postgres 1-1,text,true,,231,0,1,1,null,99,0,0
1734092470589,95,4 - Friends and fof that have been to countries,200,OK,Postgres 1-1,text,true,,231,0,1,1,null,95,0,0
1734092470684,85,4 - Friends and fof that have been to countries,200,OK,Postgres 1-1,text,true,,188,0,1,1,null,84,0,0
1734092470769,82,4 - Friends and fof that have been to countries,200,OK,Postgres 1-1,text,true,,188,0,1,1,null,82,0,0
1734092470851,80,4 - Friends and fof that have been to countries,200,OK,Postgres 1-1,text,true,,188,0,1,1,null,80,0,0
1734092470932,81,4 - Friends and fof that have been to countries,200,OK,Postgres 1-1,text,true,,188,0,1,1,null,81,0,0
1734092471013,85,4 - Friends and fof that have been to countries,200,OK,Postgres 1-1,text,true,,155,0,1,1,null,85,0,0
1734092471098,89,4 - Friends and fof that have been to countries,200,OK,Postgres 1-1,text,true,,155,0,1,1,null,89,0,0
1734092471187,87,4 - Friends and fof that have been to countries,200,OK,Postgres 1-1,text,true,,155,0,1,1,null,86,0,0
1734092471274,89,4 - Friends and fof that have been to countries,200,OK,Postgres 1-1,text,true,,155,0,1,1,null,89,0,0
1734092471364,32,5 - Shortest path,200,OK,Postgres 1-1,text,true,,37,0,1,1,null,32,0,0
1734092471397,29,5 - Shortest path,200,OK,Postgres 1-1,text,true,,37,0,1,1,null,29,0,0
1734092471426,23,5 - Shortest path,200,OK,Postgres 1-1,text,true,,37,0,1,1,null,23,0,0
1734092471449,24,5 - Shortest path,200,OK,Postgres 1-1,text,true,,37,0,1,1,null,24,0,0
1734092471473,24,5 - Shortest path,200,OK,Postgres 1-1,text,true,,57,0,1,1,null,24,0,0
1734092471497,24,5 - Shortest path,200,OK,Postgres 1-1,text,true,,57,0,1,1,null,24,0,0
1734092471521,24,5 - Shortest path,200,OK,Postgres 1-1,text,true,,57,0,1,1,null,24,0,0
1734092471545,23,5 - Shortest path,200,OK,Postgres 1-1,text,true,,57,0,1,1,null,23,0,0
1734092471568,23,5 - Shortest path,200,OK,Postgres 1-1,text,true,,48,0,1,1,null,23,0,0
1734092471591,23,5 - Shortest path,200,OK,Postgres 1-1,text,true,,48,0,1,1,null,23,0,0
1734092471614,23,5 - Shortest path,200,OK,Postgres 1-1,text,true,,48,0,1,1,null,23,0,0
1734092471638,23,5 - Shortest path,200,OK,Postgres 1-1,text,true,,48,0,1,1,null,22,0,0
1734092471661,22,5 - Shortest path,200,OK,Postgres 1-1,text,true,,71,0,1,1,null,22,0,0
1734092471683,23,5 - Shortest path,200,OK,Postgres 1-1,text,true,,71,0,1,1,null,23,0,0
1734092471706,24,5 - Shortest path,200,OK,Postgres 1-1,text,true,,71,0,1,1,null,24,0,0
1734092471730,23,5 - Shortest path,200,OK,Postgres 1-1,text,true,,71,0,1,1,null,23,0,0
1734092471754,26,6 - k Shortest paths,200,OK,Postgres 1-1,text,true,,133,0,1,1,null,26,0,0
1734092471780,26,6 - k Shortest paths,200,OK,Postgres 1-1,text,true,,133,0,1,1,null,26,0,0
1734092471806,26,6 - k Shortest paths,200,OK,Postgres 1-1,text,true,,133,0,1,1,null,26,0,0
1734092471833,25,6 - k Shortest paths,200,OK,Postgres 1-1,text,true,,133,0,1,1,null,24,0,0
1734092471858,25,6 - k Shortest paths,200,OK,Postgres 1-1,text,true,,162,0,1,1,null,25,0,0
1734092471883,25,6 - k Shortest paths,200,OK,Postgres 1-1,text,true,,162,0,1,1,null,25,0,0
1734092471908,25,6 - k Shortest paths,200,OK,Postgres 1-1,text,true,,162,0,1,1,null,25,0,0
1734092471933,26,6 - k Shortest paths,200,OK,Postgres 1-1,text,true,,162,0,1,1,null,26,0,0
1734092471960,26,6 - k Shortest paths,200,OK,Postgres 1-1,text,true,,138,0,1,1,null,26,0,0
1734092471986,27,6 - k Shortest paths,200,OK,Postgres 1-1,text,true,,138,0,1,1,null,27,0,0
1734092472013,30,6 - k Shortest paths,200,OK,Postgres 1-1,text,true,,138,0,1,1,null,30,0,0
1734092472043,27,6 - k Shortest paths,200,OK,Postgres 1-1,text,true,,138,0,1,1,null,27,0,0
1734092472070,26,6 - k Shortest paths,200,OK,Postgres 1-1,text,true,,205,0,1,1,null,26,0,0
1734092472096,26,6 - k Shortest paths,200,OK,Postgres 1-1,text,true,,205,0,1,1,null,25,0,0
1734092472122,28,6 - k Shortest paths,200,OK,Postgres 1-1,text,true,,205,0,1,1,null,28,0,0
1734092472151,26,6 - k Shortest paths,200,OK,Postgres 1-1,text,true,,205,0,1,1,null,26,0,0
1734092472178,3,7 - Forum of a message,200,OK,Postgres 1-1,text,true,,115,0,1,1,null,3,0,0
1734092472181,0,7 - Forum of a message,200,OK,Postgres 1-1,text,true,,115,0,1,1,null,0,0,0
1734092472181,1,7 - Forum of a message,200,OK,Postgres 1-1,text,true,,115,0,1,1,null,1,0,0
1734092472182,0,7 - Forum of a message,200,OK,Postgres 1-1,text,true,,115,0,1,1,null,0,0,0
1734092472182,1,7 - Forum of a message,200,OK,Postgres 1-1,text,true,,115,0,1,1,null,1,0,0
1734092472183,1,7 - Forum of a message,200,OK,Postgres 1-1,text,true,,115,0,1,1,null,1,0,0
1734092472184,0,7 - Forum of a message,200,OK,Postgres 1-1,text,true,,115,0,1,1,null,0,0,0
1734092472184,0,7 - Forum of a message,200,OK,Postgres 1-1,text,true,,115,0,1,1,null,0,0,0
1734092472184,1,7 - Forum of a message,200,OK,Postgres 1-1,text,true,,118,0,1,1,null,1,0,0
1734092472185,0,7 - Forum of a message,200,OK,Postgres 1-1,text,true,,118,0,1,1,null,0,0,0
1734092472185,0,7 - Forum of a message,200,OK,Postgres 1-1,text,true,,118,0,1,1,null,0,0,0
1734092472185,1,7 - Forum of a message,200,OK,Postgres 1-1,text,true,,118,0,1,1,null,1,0,0
1734092472186,0,7 - Forum of a message,200,OK,Postgres 1-1,text,true,,118,0,1,1,null,0,0,0
1734092472186,0,7 - Forum of a message,200,OK,Postgres 1-1,text,true,,118,0,1,1,null,0,0,0
1734092472186,1,7 - Forum of a message,200,OK,Postgres 1-1,text,true,,118,0,1,1,null,1,0,0
1734092472187,0,7 - Forum of a message,200,OK,Postgres 1-1,text,true,,118,0,1,1,null,0,0,0
1734092472187,51,8 - Recent messages by your friends,200,OK,Postgres 1-1,text,true,,1885,0,1,1,null,50,0,0
1734092472238,48,8 - Recent messages by your friends,200,OK,Postgres 1-1,text,true,,1885,0,1,1,null,48,0,0
1734092472286,51,8 - Recent messages by your friends,200,OK,Postgres 1-1,text,true,,1885,0,1,1,null,51,0,0
1734092472338,50,8 - Recent messages by your friends,200,OK,Postgres 1-1,text,true,,1885,0,1,1,null,49,0,0
1734092472388,139,8 - Recent messages by your friends,200,OK,Postgres 1-1,text,true,,3365,0,1,1,null,138,0,0
1734092472527,38,8 - Recent messages by your friends,200,OK,Postgres 1-1,text,true,,3365,0,1,1,null,38,0,0
1734092472565,36,8 - Recent messages by your friends,200,OK,Postgres 1-1,text,true,,3365,0,1,1,null,36,0,0
1734092472602,35,8 - Recent messages by your friends,200,OK,Postgres 1-1,text,true,,3365,0,1,1,null,35,0,0
1734092472637,138,8 - Recent messages by your friends,200,OK,Postgres 1-1,text,true,,2712,0,1,1,null,138,0,0
1734092472776,43,8 - Recent messages by your friends,200,OK,Postgres 1-1,text,true,,2712,0,1,1,null,43,0,0
1734092472819,40,8 - Recent messages by your friends,200,OK,Postgres 1-1,text,true,,2712,0,1,1,null,40,0,0
1734092472859,39,8 - Recent messages by your friends,200,OK,Postgres 1-1,text,true,,2712,0,1,1,null,39,0,0
1734092472899,45,8 - Recent messages by your friends,200,OK,Postgres 1-1,text,true,,2322,0,1,1,null,45,0,0
1734092472944,47,8 - Recent messages by your friends,200,OK,Postgres 1-1,text,true,,2322,0,1,1,null,46,0,0
1734092472991,45,8 - Recent messages by your friends,200,OK,Postgres 1-1,text,true,,2322,0,1,1,null,45,0,0
1734092473039,47,8 - Recent messages by your friends,200,OK,Postgres 1-1,text,true,,2322,0,1,1,null,47,0,0
1734092473087,182,9 - Friend recommendation,200,OK,Postgres 1-1,text,true,,540,0,1,1,null,182,0,0
1734092473270,147,9 - Friend recommendation,200,OK,Postgres 1-1,text,true,,540,0,1,1,null,147,0,0
1734092473418,147,9 - Friend recommendation,200,OK,Postgres 1-1,text,true,,540,0,1,1,null,147,0,0
1734092473565,146,9 - Friend recommendation,200,OK,Postgres 1-1,text,true,,540,0,1,1,null,146,0,0
1734092473711,6710,9 - Friend recommendation,200,OK,Postgres 1-1,text,true,,520,0,1,1,null,6710,0,0
1734092480421,6712,9 - Friend recommendation,200,OK,Postgres 1-1,text,true,,520,0,1,1,null,6712,0,0
1734092487133,6668,9 - Friend recommendation,200,OK,Postgres 1-1,text,true,,520,0,1,1,null,6668,0,0
1734092493803,4494,9 - Friend recommendation,200,OK,Postgres 1-1,text,true,,520,0,1,1,null,4494,0,0
1734092498297,2240,9 - Friend recommendation,200,OK,Postgres 1-1,text,true,,520,0,1,1,null,2240,0,0
1734092500537,2192,9 - Friend recommendation,200,OK,Postgres 1-1,text,true,,520,0,1,1,null,2192,0,0
1734092502729,2180,9 - Friend recommendation,200,OK,Postgres 1-1,text,true,,520,0,1,1,null,2179,0,0
1734092504909,2189,9 - Friend recommendation,200,OK,Postgres 1-1,text,true,,520,0,1,1,null,2189,0,0
1734092507098,4477,9 - Friend recommendation,200,OK,Postgres 1-1,text,true,,515,0,1,1,null,4477,0,0
1734092511575,4329,9 - Friend recommendation,200,OK,Postgres 1-1,text,true,,515,0,1,1,null,4329,0,0
1734092515905,4376,9 - Friend recommendation,200,OK,Postgres 1-1,text,true,,515,0,1,1,null,4376,0,0
1734092520283,4379,9 - Friend recommendation,200,OK,Postgres 1-1,text,true,,515,0,1,1,null,4379,0,0
1734092524666,28,10 - Replies of a message,200,OK,Postgres 1-1,text,true,,1141,0,1,1,null,28,0,0
1734092524695,25,10 - Replies of a message,200,OK,Postgres 1-1,text,true,,1141,0,1,1,null,25,0,0
1734092524720,126,10 - Replies of a message,200,OK,Postgres 1-1,text,true,,1141,0,1,1,null,126,0,0
1734092524846,137,10 - Replies of a message,200,OK,Postgres 1-1,text,true,,1141,0,1,1,null,137,0,0
1734092524983,25,10 - Replies of a message,200,OK,Postgres 1-1,text,true,,1048,0,1,1,null,25,0,0
1734092525008,25,10 - Replies of a message,200,OK,Postgres 1-1,text,true,,1048,0,1,1,null,25,0,0
1734092525033,24,10 - Replies of a message,200,OK,Postgres 1-1,text,true,,1048,0,1,1,null,24,0,0
1734092525057,24,10 - Replies of a message,200,OK,Postgres 1-1,text,true,,1048,0,1,1,null,24,0,0
1734092525081,25,10 - Replies of a message,200,OK,Postgres 1-1,text,true,,315,0,1,1,null,25,0,0
1734092525106,25,10 - Replies of a message,200,OK,Postgres 1-1,text,true,,315,0,1,1,null,25,0,0
1734092525131,25,10 - Replies of a message,200,OK,Postgres 1-1,text,true,,315,0,1,1,null,25,0,0
1734092525156,24,10 - Replies of a message,200,OK,Postgres 1-1,text,true,,315,0,1,1,null,24,0,0
1734092525180,25,10 - Replies of a message,200,OK,Postgres 1-1,text,true,,574,0,1,1,null,25,0,0
1734092525205,31,10 - Replies of a message,200,OK,Postgres 1-1,text,true,,574,0,1,1,null,31,0,0
1734092525236,26,10 - Replies of a message,200,OK,Postgres 1-1,text,true,,574,0,1,1,null,26,0,0
1734092525262,25,10 - Replies of a message,200,OK,Postgres 1-1,text,true,,574,0,1,1,null,25,0,0
