timeStamp,elapsed,label,responseCode,responseMessage,threadName,dataType,success,failureMessage,bytes,sentBytes,grpThreads,allThreads,URL,Latency,IdleTime,Connect
1734093284999,100,1 - Transitive friends - step 3,200,OK,Postgres 1-1,text,true,,3174,0,1,1,null,96,0,0
1734093285101,76,1 - Transitive friends - step 3,200,OK,Postgres 1-1,text,true,,3174,0,1,1,null,75,0,0
1734093285177,76,1 - Transitive friends - step 3,200,OK,Postgres 1-1,text,true,,3174,0,1,1,null,75,0,0
1734093285253,76,1 - Transitive friends - step 3,200,OK,Postgres 1-1,text,true,,3174,0,1,1,null,75,0,0
1734093285329,5,1 - Transitive friends - step 3,200,OK,Postgres 1-1,text,true,,837,0,1,1,null,5,0,0
1734093285335,2,1 - Transitive friends - step 3,200,OK,Postgres 1-1,text,true,,837,0,1,1,null,2,0,0
1734093285338,3,1 - Transitive friends - step 3,200,OK,Postgres 1-1,text,true,,837,0,1,1,null,3,0,0
1734093285341,3,1 - Transitive friends - step 3,200,OK,Postgres 1-1,text,true,,837,0,1,1,null,3,0,0
1734093285344,10,1 - Transitive friends - step 3,200,OK,Postgres 1-1,text,true,,3212,0,1,1,null,9,0,0
1734093285354,9,1 - Transitive friends - step 3,200,OK,Postgres 1-1,text,true,,3212,0,1,1,null,8,0,0
1734093285363,8,1 - Transitive friends - step 3,200,OK,Postgres 1-1,text,true,,3212,0,1,1,null,8,0,0
1734093285372,8,1 - Transitive friends - step 3,200,OK,Postgres 1-1,text,true,,3212,0,1,1,null,7,0,0
1734093285380,23,1 - Transitive friends - step 3,200,OK,Postgres 1-1,text,true,,2262,0,1,1,null,22,0,0
1734093285403,23,1 - Transitive friends - step 3,200,OK,Postgres 1-1,text,true,,2262,0,1,1,null,22,0,0
1734093285426,22,1 - Transitive friends - step 3,200,OK,Postgres 1-1,text,true,,2262,0,1,1,null,22,0,0
1734093285448,23,1 - Transitive friends - step 3,200,OK,Postgres 1-1,text,true,,2262,0,1,1,null,22,0,0
1734093285472,1328,2 - Transitive friends - step 4,200,OK,Postgres 1-1,text,true,,3174,0,1,1,null,1327,0,0
1734093286800,1290,2 - Transitive friends - step 4,200,OK,Postgres 1-1,text,true,,3174,0,1,1,null,1289,0,0
1734093288090,1278,2 - Transitive friends - step 4,200,OK,Postgres 1-1,text,true,,3174,0,1,1,null,1278,0,0
1734093289369,1326,2 - Transitive friends - step 4,200,OK,Postgres 1-1,text,true,,3174,0,1,1,null,1326,0,0
1734093290695,24,2 - Transitive friends - step 4,200,OK,Postgres 1-1,text,true,,1273,0,1,1,null,24,0,0
1734093290720,6,2 - Transitive friends - step 4,200,OK,Postgres 1-1,text,true,,1273,0,1,1,null,6,0,0
1734093290726,7,2 - Transitive friends - step 4,200,OK,Postgres 1-1,text,true,,1273,0,1,1,null,7,0,0
1734093290733,6,2 - Transitive friends - step 4,200,OK,Postgres 1-1,text,true,,1273,0,1,1,null,6,0,0
1734093290739,65,2 - Transitive friends - step 4,200,OK,Postgres 1-1,text,true,,3212,0,1,1,null,65,0,0
1734093290805,62,2 - Transitive friends - step 4,200,OK,Postgres 1-1,text,true,,3212,0,1,1,null,62,0,0
1734093290867,66,2 - Transitive friends - step 4,200,OK,Postgres 1-1,text,true,,3212,0,1,1,null,65,0,0
1734093290933,61,2 - Transitive friends - step 4,200,OK,Postgres 1-1,text,true,,3212,0,1,1,null,61,0,0
1734093290995,305,2 - Transitive friends - step 4,200,OK,Postgres 1-1,text,true,,2262,0,1,1,null,305,0,0
1734093291301,316,2 - Transitive friends - step 4,200,OK,Postgres 1-1,text,true,,2262,0,1,1,null,315,0,0
1734093291617,319,2 - Transitive friends - step 4,200,OK,Postgres 1-1,text,true,,2262,0,1,1,null,319,0,0
1734093291937,315,2 - Transitive friends - step 4,200,OK,Postgres 1-1,text,true,,2262,0,1,1,null,315,0,0
1734093292253,16024,3 - Transitive friends - step 5,200,OK,Postgres 1-1,text,true,,3174,0,1,1,null,16023,0,0
1734093308277,16290,3 - Transitive friends - step 5,200,OK,Postgres 1-1,text,true,,3174,0,1,1,null,16290,0,0
1734093324567,16329,3 - Transitive friends - step 5,200,OK,Postgres 1-1,text,true,,3174,0,1,1,null,16329,0,0
1734093340897,16347,3 - Transitive friends - step 5,200,OK,Postgres 1-1,text,true,,3174,0,1,1,null,16347,0,0
1734093357245,194,3 - Transitive friends - step 5,200,OK,Postgres 1-1,text,true,,1617,0,1,1,null,193,0,0
1734093357439,23,3 - Transitive friends - step 5,200,OK,Postgres 1-1,text,true,,1617,0,1,1,null,23,0,0
1734093357462,23,3 - Transitive friends - step 5,200,OK,Postgres 1-1,text,true,,1617,0,1,1,null,23,0,0
1734093357485,23,3 - Transitive friends - step 5,200,OK,Postgres 1-1,text,true,,1617,0,1,1,null,23,0,0
1734093357508,606,3 - Transitive friends - step 5,200,OK,Postgres 1-1,text,true,,3212,0,1,1,null,605,0,0
1734093358114,582,3 - Transitive friends - step 5,200,OK,Postgres 1-1,text,true,,3212,0,1,1,null,582,0,0
1734093358696,592,3 - Transitive friends - step 5,200,OK,Postgres 1-1,text,true,,3212,0,1,1,null,592,0,1
1734093359288,589,3 - Transitive friends - step 5,200,OK,Postgres 1-1,text,true,,3212,0,1,1,null,589,0,0
1734093359878,4681,3 - Transitive friends - step 5,200,OK,Postgres 1-1,text,true,,2262,0,1,1,null,4681,0,0
1734093364561,4665,3 - Transitive friends - step 5,200,OK,Postgres 1-1,text,true,,2262,0,1,1,null,4664,0,0
1734093369226,4652,3 - Transitive friends - step 5,200,OK,Postgres 1-1,text,true,,2262,0,1,1,null,4652,0,0
1734093373878,4672,3 - Transitive friends - step 5,200,OK,Postgres 1-1,text,true,,2262,0,1,1,null,4672,0,0
1734093378551,166,4 - Friends and fof that have been to countries,200,OK,Postgres 1-1,text,true,,85,0,1,1,null,166,0,0
1734093378718,172,4 - Friends and fof that have been to countries,200,OK,Postgres 1-1,text,true,,85,0,1,1,null,172,0,0
1734093378890,77,4 - Friends and fof that have been to countries,200,OK,Postgres 1-1,text,true,,85,0,1,1,null,77,0,0
1734093378967,77,4 - Friends and fof that have been to countries,200,OK,Postgres 1-1,text,true,,85,0,1,1,null,77,0,0
1734093379045,96,4 - Friends and fof that have been to countries,200,OK,Postgres 1-1,text,true,,231,0,1,1,null,96,0,0
1734093379141,175,4 - Friends and fof that have been to countries,200,OK,Postgres 1-1,text,true,,231,0,1,1,null,175,0,0
1734093379316,97,4 - Friends and fof that have been to countries,200,OK,Postgres 1-1,text,true,,231,0,1,1,null,97,0,0
1734093379413,96,4 - Friends and fof that have been to countries,200,OK,Postgres 1-1,text,true,,231,0,1,1,null,95,0,0
1734093379509,77,4 - Friends and fof that have been to countries,200,OK,Postgres 1-1,text,true,,188,0,1,1,null,77,0,0
1734093379587,79,4 - Friends and fof that have been to countries,200,OK,Postgres 1-1,text,true,,188,0,1,1,null,78,0,0
1734093379666,172,4 - Friends and fof that have been to countries,200,OK,Postgres 1-1,text,true,,188,0,1,1,null,172,0,0
1734093379838,170,4 - Friends and fof that have been to countries,200,OK,Postgres 1-1,text,true,,188,0,1,1,null,170,0,0
1734093380008,81,4 - Friends and fof that have been to countries,200,OK,Postgres 1-1,text,true,,155,0,1,1,null,81,0,0
1734093380090,180,4 - Friends and fof that have been to countries,200,OK,Postgres 1-1,text,true,,155,0,1,1,null,180,0,0
1734093380270,85,4 - Friends and fof that have been to countries,200,OK,Postgres 1-1,text,true,,155,0,1,1,null,85,0,0
1734093380356,83,4 - Friends and fof that have been to countries,200,OK,Postgres 1-1,text,true,,155,0,1,1,null,83,0,0
1734093380440,32,5 - Shortest path,200,OK,Postgres 1-1,text,true,,37,0,1,1,null,32,0,0
1734093380472,25,5 - Shortest path,200,OK,Postgres 1-1,text,true,,37,0,1,1,null,25,0,0
1734093380497,23,5 - Shortest path,200,OK,Postgres 1-1,text,true,,37,0,1,1,null,23,0,0
1734093380520,23,5 - Shortest path,200,OK,Postgres 1-1,text,true,,37,0,1,1,null,23,0,0
1734093380543,24,5 - Shortest path,200,OK,Postgres 1-1,text,true,,57,0,1,1,null,24,0,0
1734093380567,24,5 - Shortest path,200,OK,Postgres 1-1,text,true,,57,0,1,1,null,23,0,0
1734093380591,22,5 - Shortest path,200,OK,Postgres 1-1,text,true,,57,0,1,1,null,22,0,0
1734093380613,24,5 - Shortest path,200,OK,Postgres 1-1,text,true,,57,0,1,1,null,24,0,0
1734093380637,24,5 - Shortest path,200,OK,Postgres 1-1,text,true,,48,0,1,1,null,24,0,0
1734093380661,23,5 - Shortest path,200,OK,Postgres 1-1,text,true,,48,0,1,1,null,23,0,0
1734093380684,24,5 - Shortest path,200,OK,Postgres 1-1,text,true,,48,0,1,1,null,24,0,0
1734093380708,24,5 - Shortest path,200,OK,Postgres 1-1,text,true,,48,0,1,1,null,24,0,0
1734093380732,23,5 - Shortest path,200,OK,Postgres 1-1,text,true,,71,0,1,1,null,23,0,0
1734093380755,22,5 - Shortest path,200,OK,Postgres 1-1,text,true,,71,0,1,1,null,22,0,0
1734093380777,24,5 - Shortest path,200,OK,Postgres 1-1,text,true,,71,0,1,1,null,24,0,0
1734093380801,24,5 - Shortest path,200,OK,Postgres 1-1,text,true,,71,0,1,1,null,24,0,0
1734093380826,26,6 - k Shortest paths,200,OK,Postgres 1-1,text,true,,133,0,1,1,null,26,0,0
1734093380852,25,6 - k Shortest paths,200,OK,Postgres 1-1,text,true,,133,0,1,1,null,25,0,0
1734093380877,25,6 - k Shortest paths,200,OK,Postgres 1-1,text,true,,133,0,1,1,null,25,0,0
1734093380902,25,6 - k Shortest paths,200,OK,Postgres 1-1,text,true,,133,0,1,1,null,25,0,0
1734093380927,25,6 - k Shortest paths,200,OK,Postgres 1-1,text,true,,162,0,1,1,null,25,0,0
1734093380952,25,6 - k Shortest paths,200,OK,Postgres 1-1,text,true,,162,0,1,1,null,25,0,0
1734093380977,25,6 - k Shortest paths,200,OK,Postgres 1-1,text,true,,162,0,1,1,null,25,0,0
1734093381002,25,6 - k Shortest paths,200,OK,Postgres 1-1,text,true,,162,0,1,1,null,25,0,0
1734093381027,26,6 - k Shortest paths,200,OK,Postgres 1-1,text,true,,138,0,1,1,null,26,0,0
1734093381054,25,6 - k Shortest paths,200,OK,Postgres 1-1,text,true,,138,0,1,1,null,25,0,0
1734093381079,26,6 - k Shortest paths,200,OK,Postgres 1-1,text,true,,138,0,1,1,null,26,0,0
1734093381105,26,6 - k Shortest paths,200,OK,Postgres 1-1,text,true,,138,0,1,1,null,26,0,0
1734093381131,26,6 - k Shortest paths,200,OK,Postgres 1-1,text,true,,205,0,1,1,null,26,0,0
1734093381157,26,6 - k Shortest paths,200,OK,Postgres 1-1,text,true,,205,0,1,1,null,26,0,0
1734093381183,27,6 - k Shortest paths,200,OK,Postgres 1-1,text,true,,205,0,1,1,null,27,0,0
1734093381210,26,6 - k Shortest paths,200,OK,Postgres 1-1,text,true,,205,0,1,1,null,26,0,0
1734093381237,3,7 - Forum of a message,200,OK,Postgres 1-1,text,true,,115,0,1,1,null,3,0,0
1734093381240,0,7 - Forum of a message,200,OK,Postgres 1-1,text,true,,115,0,1,1,null,0,0,0
1734093381240,0,7 - Forum of a message,200,OK,Postgres 1-1,text,true,,115,0,1,1,null,0,0,0
1734093381240,1,7 - Forum of a message,200,OK,Postgres 1-1,text,true,,115,0,1,1,null,1,0,0
1734093381241,1,7 - Forum of a message,200,OK,Postgres 1-1,text,true,,115,0,1,1,null,1,0,0
1734093381242,0,7 - Forum of a message,200,OK,Postgres 1-1,text,true,,115,0,1,1,null,0,0,0
1734093381242,0,7 - Forum of a message,200,OK,Postgres 1-1,text,true,,115,0,1,1,null,0,0,0
1734093381242,1,7 - Forum of a message,200,OK,Postgres 1-1,text,true,,115,0,1,1,null,1,0,1
1734093381243,0,7 - Forum of a message,200,OK,Postgres 1-1,text,true,,118,0,1,1,null,0,0,0
1734093381243,1,7 - Forum of a message,200,OK,Postgres 1-1,text,true,,118,0,1,1,null,1,0,0
1734093381244,0,7 - Forum of a message,200,OK,Postgres 1-1,text,true,,118,0,1,1,null,0,0,0
1734093381244,0,7 - Forum of a message,200,OK,Postgres 1-1,text,true,,118,0,1,1,null,0,0,0
1734093381244,1,7 - Forum of a message,200,OK,Postgres 1-1,text,true,,118,0,1,1,null,1,0,0
1734093381245,0,7 - Forum of a message,200,OK,Postgres 1-1,text,true,,118,0,1,1,null,0,0,0
1734093381245,0,7 - Forum of a message,200,OK,Postgres 1-1,text,true,,118,0,1,1,null,0,0,0
1734093381245,0,7 - Forum of a message,200,OK,Postgres 1-1,text,true,,118,0,1,1,null,0,0,0
1734093381246,48,8 - Recent messages by your friends,200,OK,Postgres 1-1,text,true,,1885,0,1,1,null,47,0,0
1734093381294,47,8 - Recent messages by your friends,200,OK,Postgres 1-1,text,true,,1885,0,1,1,null,46,0,0
1734093381341,47,8 - Recent messages by your friends,200,OK,Postgres 1-1,text,true,,1885,0,1,1,null,46,0,0
1734093381388,47,8 - Recent messages by your friends,200,OK,Postgres 1-1,text,true,,1885,0,1,1,null,47,0,0
1734093381435,130,8 - Recent messages by your friends,200,OK,Postgres 1-1,text,true,,3365,0,1,1,null,130,0,0
1734093381565,37,8 - Recent messages by your friends,200,OK,Postgres 1-1,text,true,,3365,0,1,1,null,36,0,0
1734093381602,36,8 - Recent messages by your friends,200,OK,Postgres 1-1,text,true,,3365,0,1,1,null,36,0,0
1734093381639,36,8 - Recent messages by your friends,200,OK,Postgres 1-1,text,true,,3365,0,1,1,null,36,0,0
1734093381676,38,8 - Recent messages by your friends,200,OK,Postgres 1-1,text,true,,2712,0,1,1,null,38,0,0
1734093381714,39,8 - Recent messages by your friends,200,OK,Postgres 1-1,text,true,,2712,0,1,1,null,39,0,0
1734093381753,38,8 - Recent messages by your friends,200,OK,Postgres 1-1,text,true,,2712,0,1,1,null,38,0,0
1734093381792,136,8 - Recent messages by your friends,200,OK,Postgres 1-1,text,true,,2712,0,1,1,null,136,0,0
1734093381928,47,8 - Recent messages by your friends,200,OK,Postgres 1-1,text,true,,2322,0,1,1,null,47,0,0
1734093381975,46,8 - Recent messages by your friends,200,OK,Postgres 1-1,text,true,,2322,0,1,1,null,45,0,0
1734093382021,46,8 - Recent messages by your friends,200,OK,Postgres 1-1,text,true,,2322,0,1,1,null,46,0,0
1734093382069,47,8 - Recent messages by your friends,200,OK,Postgres 1-1,text,true,,2322,0,1,1,null,47,0,0
1734093382117,177,9 - Friend recommendation,200,OK,Postgres 1-1,text,true,,540,0,1,1,null,177,0,0
1734093382295,146,9 - Friend recommendation,200,OK,Postgres 1-1,text,true,,540,0,1,1,null,146,0,0
1734093382441,140,9 - Friend recommendation,200,OK,Postgres 1-1,text,true,,540,0,1,1,null,140,0,0
1734093382581,140,9 - Friend recommendation,200,OK,Postgres 1-1,text,true,,540,0,1,1,null,139,0,0
1734093382721,1755,9 - Friend recommendation,200,OK,Postgres 1-1,text,true,,520,0,1,1,null,1755,0,0
1734093384476,1728,9 - Friend recommendation,200,OK,Postgres 1-1,text,true,,520,0,1,1,null,1728,0,0
1734093386205,1780,9 - Friend recommendation,200,OK,Postgres 1-1,text,true,,520,0,1,1,null,1780,0,0
1734093387985,1769,9 - Friend recommendation,200,OK,Postgres 1-1,text,true,,520,0,1,1,null,1769,0,0
1734093389755,1029,9 - Friend recommendation,200,OK,Postgres 1-1,text,true,,520,0,1,1,null,1029,0,0
1734093390785,1039,9 - Friend recommendation,200,OK,Postgres 1-1,text,true,,520,0,1,1,null,1038,0,0
1734093391824,1034,9 - Friend recommendation,200,OK,Postgres 1-1,text,true,,520,0,1,1,null,1034,0,0
1734093392859,1026,9 - Friend recommendation,200,OK,Postgres 1-1,text,true,,520,0,1,1,null,1025,0,0
1734093393885,1779,9 - Friend recommendation,200,OK,Postgres 1-1,text,true,,515,0,1,1,null,1779,0,0
1734093395664,1781,9 - Friend recommendation,200,OK,Postgres 1-1,text,true,,515,0,1,1,null,1780,0,1
1734093397445,1762,9 - Friend recommendation,200,OK,Postgres 1-1,text,true,,515,0,1,1,null,1762,0,0
1734093399207,1746,9 - Friend recommendation,200,OK,Postgres 1-1,text,true,,515,0,1,1,null,1746,0,0
1734093400954,139,10 - Replies of a message,200,OK,Postgres 1-1,text,true,,1141,0,1,1,null,139,0,0
1734093401093,25,10 - Replies of a message,200,OK,Postgres 1-1,text,true,,1141,0,1,1,null,25,0,0
1734093401118,26,10 - Replies of a message,200,OK,Postgres 1-1,text,true,,1141,0,1,1,null,25,0,0
1734093401144,25,10 - Replies of a message,200,OK,Postgres 1-1,text,true,,1141,0,1,1,null,24,0,0
1734093401169,24,10 - Replies of a message,200,OK,Postgres 1-1,text,true,,1048,0,1,1,null,24,0,0
1734093401194,24,10 - Replies of a message,200,OK,Postgres 1-1,text,true,,1048,0,1,1,null,24,0,0
1734093401219,25,10 - Replies of a message,200,OK,Postgres 1-1,text,true,,1048,0,1,1,null,25,0,0
1734093401244,25,10 - Replies of a message,200,OK,Postgres 1-1,text,true,,1048,0,1,1,null,25,0,0
1734093401269,25,10 - Replies of a message,200,OK,Postgres 1-1,text,true,,315,0,1,1,null,25,0,1
1734093401294,25,10 - Replies of a message,200,OK,Postgres 1-1,text,true,,315,0,1,1,null,25,0,0
1734093401319,24,10 - Replies of a message,200,OK,Postgres 1-1,text,true,,315,0,1,1,null,24,0,0
1734093401343,26,10 - Replies of a message,200,OK,Postgres 1-1,text,true,,315,0,1,1,null,26,0,0
1734093401370,134,10 - Replies of a message,200,OK,Postgres 1-1,text,true,,574,0,1,1,null,134,0,0
1734093401504,26,10 - Replies of a message,200,OK,Postgres 1-1,text,true,,574,0,1,1,null,26,0,0
1734093401530,25,10 - Replies of a message,200,OK,Postgres 1-1,text,true,,574,0,1,1,null,25,0,0
1734093401555,25,10 - Replies of a message,200,OK,Postgres 1-1,text,true,,574,0,1,1,null,25,0,0
