timeStamp,elapsed,label,responseCode,responseMessage,threadName,dataType,success,failureMessage,bytes,sentBytes,grpThreads,allThreads,URL,Latency,IdleTime,Connect
1734094160603,98,1 - Transitive friends - step 3,200,OK,Postgres 1-1,text,true,,3174,0,1,1,null,94,0,0
1734094160702,78,1 - Transitive friends - step 3,200,OK,Postgres 1-1,text,true,,3174,0,1,1,null,77,0,0
1734094160781,76,1 - Transitive friends - step 3,200,OK,Postgres 1-1,text,true,,3174,0,1,1,null,74,0,0
1734094160857,76,1 - Transitive friends - step 3,200,OK,Postgres 1-1,text,true,,3174,0,1,1,null,75,0,0
1734094160933,6,1 - Transitive friends - step 3,200,OK,Postgres 1-1,text,true,,837,0,1,1,null,6,0,0
1734094160940,3,1 - Transitive friends - step 3,200,OK,Postgres 1-1,text,true,,837,0,1,1,null,3,0,0
1734094160943,3,1 - Transitive friends - step 3,200,OK,Postgres 1-1,text,true,,837,0,1,1,null,3,0,0
1734094160946,3,1 - Transitive friends - step 3,200,OK,Postgres 1-1,text,true,,837,0,1,1,null,3,0,0
1734094160949,10,1 - Transitive friends - step 3,200,OK,Postgres 1-1,text,true,,3212,0,1,1,null,8,0,0
1734094160959,9,1 - Transitive friends - step 3,200,OK,Postgres 1-1,text,true,,3212,0,1,1,null,8,0,0
1734094160968,9,1 - Transitive friends - step 3,200,OK,Postgres 1-1,text,true,,3212,0,1,1,null,8,0,0
1734094160977,8,1 - Transitive friends - step 3,200,OK,Postgres 1-1,text,true,,3212,0,1,1,null,7,0,0
1734094160985,22,1 - Transitive friends - step 3,200,OK,Postgres 1-1,text,true,,2262,0,1,1,null,22,0,0
1734094161008,21,1 - Transitive friends - step 3,200,OK,Postgres 1-1,text,true,,2262,0,1,1,null,21,0,0
1734094161029,22,1 - Transitive friends - step 3,200,OK,Postgres 1-1,text,true,,2262,0,1,1,null,22,0,1
1734094161051,22,1 - Transitive friends - step 3,200,OK,Postgres 1-1,text,true,,2262,0,1,1,null,22,0,0
1734094161074,1326,2 - Transitive friends - step 4,200,OK,Postgres 1-1,text,true,,3174,0,1,1,null,1326,0,0
1734094162400,1356,2 - Transitive friends - step 4,200,OK,Postgres 1-1,text,true,,3174,0,1,1,null,1355,0,0
1734094163756,1319,2 - Transitive friends - step 4,200,OK,Postgres 1-1,text,true,,3174,0,1,1,null,1318,0,0
1734094165075,1302,2 - Transitive friends - step 4,200,OK,Postgres 1-1,text,true,,3174,0,1,1,null,1302,0,0
1734094166378,24,2 - Transitive friends - step 4,200,OK,Postgres 1-1,text,true,,1273,0,1,1,null,23,0,0
1734094166402,6,2 - Transitive friends - step 4,200,OK,Postgres 1-1,text,true,,1273,0,1,1,null,6,0,0
1734094166408,7,2 - Transitive friends - step 4,200,OK,Postgres 1-1,text,true,,1273,0,1,1,null,6,0,0
1734094166415,6,2 - Transitive friends - step 4,200,OK,Postgres 1-1,text,true,,1273,0,1,1,null,6,0,0
1734094166421,64,2 - Transitive friends - step 4,200,OK,Postgres 1-1,text,true,,3212,0,1,1,null,64,0,0
1734094166485,64,2 - Transitive friends - step 4,200,OK,Postgres 1-1,text,true,,3212,0,1,1,null,64,0,0
1734094166549,62,2 - Transitive friends - step 4,200,OK,Postgres 1-1,text,true,,3212,0,1,1,null,62,0,0
1734094166611,62,2 - Transitive friends - step 4,200,OK,Postgres 1-1,text,true,,3212,0,1,1,null,62,0,0
1734094166673,308,2 - Transitive friends - step 4,200,OK,Postgres 1-1,text,true,,2262,0,1,1,null,308,0,0
1734094166981,348,2 - Transitive friends - step 4,200,OK,Postgres 1-1,text,true,,2262,0,1,1,null,348,0,0
1734094167330,326,2 - Transitive friends - step 4,200,OK,Postgres 1-1,text,true,,2262,0,1,1,null,326,0,0
1734094167656,332,2 - Transitive friends - step 4,200,OK,Postgres 1-1,text,true,,2262,0,1,1,null,332,0,0
1734094167989,17326,3 - Transitive friends - step 5,200,OK,Postgres 1-1,text,true,,3174,0,1,1,null,17325,0,0
1734094185315,17916,3 - Transitive friends - step 5,200,OK,Postgres 1-1,text,true,,3174,0,1,1,null,17916,0,0
1734094203234,17196,3 - Transitive friends - step 5,200,OK,Postgres 1-1,text,true,,3174,0,1,1,null,17196,0,0
1734094220429,17255,3 - Transitive friends - step 5,200,OK,Postgres 1-1,text,true,,3174,0,1,1,null,17255,0,0
1734094237684,184,3 - Transitive friends - step 5,200,OK,Postgres 1-1,text,true,,1617,0,1,1,null,184,0,0
1734094237869,23,3 - Transitive friends - step 5,200,OK,Postgres 1-1,text,true,,1617,0,1,1,null,23,0,0
1734094237892,24,3 - Transitive friends - step 5,200,OK,Postgres 1-1,text,true,,1617,0,1,1,null,24,0,0
1734094237916,24,3 - Transitive friends - step 5,200,OK,Postgres 1-1,text,true,,1617,0,1,1,null,23,0,0
1734094237940,639,3 - Transitive friends - step 5,200,OK,Postgres 1-1,text,true,,3212,0,1,1,null,639,0,0
1734094238580,636,3 - Transitive friends - step 5,200,OK,Postgres 1-1,text,true,,3212,0,1,1,null,635,0,0
1734094239216,600,3 - Transitive friends - step 5,200,OK,Postgres 1-1,text,true,,3212,0,1,1,null,600,0,0
1734094239817,595,3 - Transitive friends - step 5,200,OK,Postgres 1-1,text,true,,3212,0,1,1,null,594,0,0
1734094240412,4775,3 - Transitive friends - step 5,200,OK,Postgres 1-1,text,true,,2262,0,1,1,null,4774,0,0
1734094245187,4902,3 - Transitive friends - step 5,200,OK,Postgres 1-1,text,true,,2262,0,1,1,null,4902,0,0
1734094250089,4806,3 - Transitive friends - step 5,200,OK,Postgres 1-1,text,true,,2262,0,1,1,null,4806,0,0
1734094254897,4845,3 - Transitive friends - step 5,200,OK,Postgres 1-1,text,true,,2262,0,1,1,null,4845,0,0
1734094259743,242,4 - Friends and fof that have been to countries,200,OK,Postgres 1-1,text,true,,85,0,1,1,null,241,0,0
1734094259985,174,4 - Friends and fof that have been to countries,200,OK,Postgres 1-1,text,true,,85,0,1,1,null,174,0,0
1734094260160,80,4 - Friends and fof that have been to countries,200,OK,Postgres 1-1,text,true,,85,0,1,1,null,80,0,0
1734094260241,77,4 - Friends and fof that have been to countries,200,OK,Postgres 1-1,text,true,,85,0,1,1,null,76,0,0
1734094260318,101,4 - Friends and fof that have been to countries,200,OK,Postgres 1-1,text,true,,231,0,1,1,null,101,0,0
1734094260419,178,4 - Friends and fof that have been to countries,200,OK,Postgres 1-1,text,true,,231,0,1,1,null,178,0,0
1734094260597,94,4 - Friends and fof that have been to countries,200,OK,Postgres 1-1,text,true,,231,0,1,1,null,94,0,0
1734094260691,97,4 - Friends and fof that have been to countries,200,OK,Postgres 1-1,text,true,,231,0,1,1,null,97,0,0
1734094260789,81,4 - Friends and fof that have been to countries,200,OK,Postgres 1-1,text,true,,188,0,1,1,null,81,0,0
1734094260870,85,4 - Friends and fof that have been to countries,200,OK,Postgres 1-1,text,true,,188,0,1,1,null,85,0,0
1734094260955,82,4 - Friends and fof that have been to countries,200,OK,Postgres 1-1,text,true,,188,0,1,1,null,82,0,1
1734094261038,80,4 - Friends and fof that have been to countries,200,OK,Postgres 1-1,text,true,,188,0,1,1,null,79,0,0
1734094261118,84,4 - Friends and fof that have been to countries,200,OK,Postgres 1-1,text,true,,155,0,1,1,null,84,0,0
1734094261202,178,4 - Friends and fof that have been to countries,200,OK,Postgres 1-1,text,true,,155,0,1,1,null,177,0,0
1734094261380,168,4 - Friends and fof that have been to countries,200,OK,Postgres 1-1,text,true,,155,0,1,1,null,168,0,0
1734094261548,181,4 - Friends and fof that have been to countries,200,OK,Postgres 1-1,text,true,,155,0,1,1,null,181,0,0
1734094261730,30,5 - Shortest path,200,OK,Postgres 1-1,text,true,,37,0,1,1,null,30,0,0
1734094261760,24,5 - Shortest path,200,OK,Postgres 1-1,text,true,,37,0,1,1,null,24,0,0
1734094261784,23,5 - Shortest path,200,OK,Postgres 1-1,text,true,,37,0,1,1,null,23,0,0
1734094261807,23,5 - Shortest path,200,OK,Postgres 1-1,text,true,,37,0,1,1,null,23,0,0
1734094261830,22,5 - Shortest path,200,OK,Postgres 1-1,text,true,,57,0,1,1,null,22,0,0
1734094261852,22,5 - Shortest path,200,OK,Postgres 1-1,text,true,,57,0,1,1,null,22,0,0
1734094261875,24,5 - Shortest path,200,OK,Postgres 1-1,text,true,,57,0,1,1,null,24,0,0
1734094261899,24,5 - Shortest path,200,OK,Postgres 1-1,text,true,,57,0,1,1,null,24,0,0
1734094261923,24,5 - Shortest path,200,OK,Postgres 1-1,text,true,,48,0,1,1,null,24,0,0
1734094261947,24,5 - Shortest path,200,OK,Postgres 1-1,text,true,,48,0,1,1,null,24,0,0
1734094261971,24,5 - Shortest path,200,OK,Postgres 1-1,text,true,,48,0,1,1,null,24,0,0
1734094261995,24,5 - Shortest path,200,OK,Postgres 1-1,text,true,,48,0,1,1,null,24,0,0
1734094262019,23,5 - Shortest path,200,OK,Postgres 1-1,text,true,,71,0,1,1,null,23,0,0
1734094262042,24,5 - Shortest path,200,OK,Postgres 1-1,text,true,,71,0,1,1,null,24,0,0
1734094262066,23,5 - Shortest path,200,OK,Postgres 1-1,text,true,,71,0,1,1,null,23,0,0
1734094262089,23,5 - Shortest path,200,OK,Postgres 1-1,text,true,,71,0,1,1,null,23,0,0
1734094262113,25,6 - k Shortest paths,200,OK,Postgres 1-1,text,true,,133,0,1,1,null,25,0,0
1734094262138,26,6 - k Shortest paths,200,OK,Postgres 1-1,text,true,,133,0,1,1,null,25,0,0
1734094262164,25,6 - k Shortest paths,200,OK,Postgres 1-1,text,true,,133,0,1,1,null,25,0,0
1734094262190,27,6 - k Shortest paths,200,OK,Postgres 1-1,text,true,,133,0,1,1,null,27,0,0
1734094262217,25,6 - k Shortest paths,200,OK,Postgres 1-1,text,true,,162,0,1,1,null,25,0,0
1734094262242,25,6 - k Shortest paths,200,OK,Postgres 1-1,text,true,,162,0,1,1,null,25,0,0
1734094262267,25,6 - k Shortest paths,200,OK,Postgres 1-1,text,true,,162,0,1,1,null,25,0,0
1734094262292,24,6 - k Shortest paths,200,OK,Postgres 1-1,text,true,,162,0,1,1,null,24,0,0
1734094262316,26,6 - k Shortest paths,200,OK,Postgres 1-1,text,true,,138,0,1,1,null,26,0,0
1734094262342,26,6 - k Shortest paths,200,OK,Postgres 1-1,text,true,,138,0,1,1,null,26,0,0
1734094262368,27,6 - k Shortest paths,200,OK,Postgres 1-1,text,true,,138,0,1,1,null,27,0,0
1734094262395,26,6 - k Shortest paths,200,OK,Postgres 1-1,text,true,,138,0,1,1,null,26,0,0
1734094262421,25,6 - k Shortest paths,200,OK,Postgres 1-1,text,true,,205,0,1,1,null,25,0,0
1734094262446,26,6 - k Shortest paths,200,OK,Postgres 1-1,text,true,,205,0,1,1,null,26,0,0
1734094262472,27,6 - k Shortest paths,200,OK,Postgres 1-1,text,true,,205,0,1,1,null,27,0,0
1734094262499,26,6 - k Shortest paths,200,OK,Postgres 1-1,text,true,,205,0,1,1,null,26,0,0
1734094262526,3,7 - Forum of a message,200,OK,Postgres 1-1,text,true,,115,0,1,1,null,3,0,0
1734094262529,0,7 - Forum of a message,200,OK,Postgres 1-1,text,true,,115,0,1,1,null,0,0,0
1734094262529,0,7 - Forum of a message,200,OK,Postgres 1-1,text,true,,115,0,1,1,null,0,0,0
1734094262529,1,7 - Forum of a message,200,OK,Postgres 1-1,text,true,,115,0,1,1,null,1,0,0
1734094262530,1,7 - Forum of a message,200,OK,Postgres 1-1,text,true,,115,0,1,1,null,1,0,0
1734094262531,0,7 - Forum of a message,200,OK,Postgres 1-1,text,true,,115,0,1,1,null,0,0,0
1734094262531,1,7 - Forum of a message,200,OK,Postgres 1-1,text,true,,115,0,1,1,null,1,0,0
1734094262532,0,7 - Forum of a message,200,OK,Postgres 1-1,text,true,,115,0,1,1,null,0,0,0
1734094262532,0,7 - Forum of a message,200,OK,Postgres 1-1,text,true,,118,0,1,1,null,0,0,0
1734094262532,1,7 - Forum of a message,200,OK,Postgres 1-1,text,true,,118,0,1,1,null,1,0,0
1734094262533,0,7 - Forum of a message,200,OK,Postgres 1-1,text,true,,118,0,1,1,null,0,0,0
1734094262533,0,7 - Forum of a message,200,OK,Postgres 1-1,text,true,,118,0,1,1,null,0,0,0
1734094262533,1,7 - Forum of a message,200,OK,Postgres 1-1,text,true,,118,0,1,1,null,1,0,0
1734094262534,0,7 - Forum of a message,200,OK,Postgres 1-1,text,true,,118,0,1,1,null,0,0,0
1734094262534,0,7 - Forum of a message,200,OK,Postgres 1-1,text,true,,118,0,1,1,null,0,0,0
1734094262534,0,7 - Forum of a message,200,OK,Postgres 1-1,text,true,,118,0,1,1,null,0,0,0
1734094262535,54,8 - Recent messages by your friends,200,OK,Postgres 1-1,text,true,,1885,0,1,1,null,54,0,0
1734094262589,47,8 - Recent messages by your friends,200,OK,Postgres 1-1,text,true,,1885,0,1,1,null,47,0,0
1734094262636,48,8 - Recent messages by your friends,200,OK,Postgres 1-1,text,true,,1885,0,1,1,null,48,0,0
1734094262684,47,8 - Recent messages by your friends,200,OK,Postgres 1-1,text,true,,1885,0,1,1,null,47,0,0
1734094262731,38,8 - Recent messages by your friends,200,OK,Postgres 1-1,text,true,,3365,0,1,1,null,37,0,0
1734094262769,37,8 - Recent messages by your friends,200,OK,Postgres 1-1,text,true,,3365,0,1,1,null,37,0,0
1734094262806,37,8 - Recent messages by your friends,200,OK,Postgres 1-1,text,true,,3365,0,1,1,null,37,0,0
1734094262844,37,8 - Recent messages by your friends,200,OK,Postgres 1-1,text,true,,3365,0,1,1,null,37,0,0
1734094262881,43,8 - Recent messages by your friends,200,OK,Postgres 1-1,text,true,,2712,0,1,1,null,43,0,0
1734094262925,49,8 - Recent messages by your friends,200,OK,Postgres 1-1,text,true,,2712,0,1,1,null,49,0,0
1734094262974,42,8 - Recent messages by your friends,200,OK,Postgres 1-1,text,true,,2712,0,1,1,null,42,0,0
1734094263016,40,8 - Recent messages by your friends,200,OK,Postgres 1-1,text,true,,2712,0,1,1,null,40,0,0
1734094263057,50,8 - Recent messages by your friends,200,OK,Postgres 1-1,text,true,,2322,0,1,1,null,50,0,0
1734094263107,48,8 - Recent messages by your friends,200,OK,Postgres 1-1,text,true,,2322,0,1,1,null,48,0,0
1734094263155,47,8 - Recent messages by your friends,200,OK,Postgres 1-1,text,true,,2322,0,1,1,null,47,0,0
1734094263204,48,8 - Recent messages by your friends,200,OK,Postgres 1-1,text,true,,2322,0,1,1,null,48,0,0
1734094263253,182,9 - Friend recommendation,200,OK,Postgres 1-1,text,true,,540,0,1,1,null,182,0,0
1734094263436,157,9 - Friend recommendation,200,OK,Postgres 1-1,text,true,,540,0,1,1,null,156,0,0
1734094263593,150,9 - Friend recommendation,200,OK,Postgres 1-1,text,true,,540,0,1,1,null,150,0,0
1734094263743,146,9 - Friend recommendation,200,OK,Postgres 1-1,text,true,,540,0,1,1,null,146,0,0
1734094263889,1890,9 - Friend recommendation,200,OK,Postgres 1-1,text,true,,520,0,1,1,null,1890,0,0
1734094265779,2018,9 - Friend recommendation,200,OK,Postgres 1-1,text,true,,520,0,1,1,null,2018,0,0
1734094267797,1878,9 - Friend recommendation,200,OK,Postgres 1-1,text,true,,520,0,1,1,null,1878,0,0
1734094269675,1946,9 - Friend recommendation,200,OK,Postgres 1-1,text,true,,520,0,1,1,null,1946,0,0
1734094271622,1148,9 - Friend recommendation,200,OK,Postgres 1-1,text,true,,520,0,1,1,null,1148,0,0
1734094272770,1111,9 - Friend recommendation,200,OK,Postgres 1-1,text,true,,520,0,1,1,null,1111,0,0
1734094273881,1139,9 - Friend recommendation,200,OK,Postgres 1-1,text,true,,520,0,1,1,null,1138,0,0
1734094275020,1171,9 - Friend recommendation,200,OK,Postgres 1-1,text,true,,520,0,1,1,null,1171,0,0
1734094276192,1995,9 - Friend recommendation,200,OK,Postgres 1-1,text,true,,515,0,1,1,null,1995,0,0
1734094278188,2029,9 - Friend recommendation,200,OK,Postgres 1-1,text,true,,515,0,1,1,null,2029,0,0
1734094280217,2076,9 - Friend recommendation,200,OK,Postgres 1-1,text,true,,515,0,1,1,null,2075,0,0
1734094282293,1926,9 - Friend recommendation,200,OK,Postgres 1-1,text,true,,515,0,1,1,null,1926,0,0
1734094284220,28,10 - Replies of a message,200,OK,Postgres 1-1,text,true,,1141,0,1,1,null,28,0,0
1734094284248,28,10 - Replies of a message,200,OK,Postgres 1-1,text,true,,1141,0,1,1,null,27,0,1
1734094284276,25,10 - Replies of a message,200,OK,Postgres 1-1,text,true,,1141,0,1,1,null,25,0,0
1734094284301,25,10 - Replies of a message,200,OK,Postgres 1-1,text,true,,1141,0,1,1,null,25,0,0
1734094284326,26,10 - Replies of a message,200,OK,Postgres 1-1,text,true,,1048,0,1,1,null,25,0,0
1734094284352,26,10 - Replies of a message,200,OK,Postgres 1-1,text,true,,1048,0,1,1,null,26,0,0
1734094284378,28,10 - Replies of a message,200,OK,Postgres 1-1,text,true,,1048,0,1,1,null,28,0,0
1734094284406,26,10 - Replies of a message,200,OK,Postgres 1-1,text,true,,1048,0,1,1,null,26,0,0
1734094284433,25,10 - Replies of a message,200,OK,Postgres 1-1,text,true,,315,0,1,1,null,25,0,0
1734094284459,26,10 - Replies of a message,200,OK,Postgres 1-1,text,true,,315,0,1,1,null,26,0,0
1734094284485,27,10 - Replies of a message,200,OK,Postgres 1-1,text,true,,315,0,1,1,null,27,0,0
1734094284512,25,10 - Replies of a message,200,OK,Postgres 1-1,text,true,,315,0,1,1,null,25,0,0
1734094284538,25,10 - Replies of a message,200,OK,Postgres 1-1,text,true,,574,0,1,1,null,25,0,0
1734094284563,25,10 - Replies of a message,200,OK,Postgres 1-1,text,true,,574,0,1,1,null,25,0,0
1734094284589,27,10 - Replies of a message,200,OK,Postgres 1-1,text,true,,574,0,1,1,null,26,0,0
1734094284616,26,10 - Replies of a message,200,OK,Postgres 1-1,text,true,,574,0,1,1,null,26,0,0
