timeStamp,elapsed,label,responseCode,responseMessage,threadName,dataType,success,failureMessage,bytes,sentBytes,grpThreads,allThreads,URL,Latency,IdleTime,Connect
1734018697760,46,1 - Transitive friends - step 3,200,OK,Postgres 1-1,text,true,,111,0,1,1,null,45,0,0
1734018697807,3,2 - Transitive friends - step 4,200,OK,Postgres 1-1,text,true,,111,0,1,1,null,3,0,0
1734018697811,2,3 - Transitive friends - step 5,200,OK,Postgres 1-1,text,true,,111,0,1,1,null,2,0,0
1734018697813,10,4 - Friends and fof that have been to countries,200,OK,Postgres 1-1,text,true,,51,0,1,1,null,10,0,0
1734018697823,402,5 - Shortest path,200,OK,Postgres 1-1,text,true,,16,0,1,1,null,401,0,0
1734018698226,363,6 - k Shortest paths,200,OK,Postgres 1-1,text,true,,19,0,1,1,null,363,0,0
1734018698590,7,7 - Forum of a message,200,OK,Postgres 1-1,text,true,,75,0,1,1,null,7,0,0
1734018698597,38,8 - Recent messages by your friends,200,OK,Postgres 1-1,text,true,,61,0,1,1,null,38,0,0
1734018698636,8,9 - Friend recommendation,200,OK,Postgres 1-1,text,true,,63,0,1,1,null,8,0,0
1734018698645,2,10 - Replies of a message,200,OK,Postgres 1-1,text,true,,115,0,1,1,null,2,0,0
1734036897788,132,1 - Transitive friends - step 3,200,OK,Postgres 1-1,text,true,,3174,0,1,1,null,129,0,0
1734036897921,88,1 - Transitive friends - step 3,200,OK,Postgres 1-1,text,true,,3174,0,1,1,null,86,0,0
1734036898009,86,1 - Transitive friends - step 3,200,OK,Postgres 1-1,text,true,,3174,0,1,1,null,85,0,0
1734036898096,82,1 - Transitive friends - step 3,200,OK,Postgres 1-1,text,true,,3174,0,1,1,null,81,0,0
1734036898178,6,1 - Transitive friends - step 3,200,OK,Postgres 1-1,text,true,,837,0,1,1,null,6,0,0
1734036898184,3,1 - Transitive friends - step 3,200,OK,Postgres 1-1,text,true,,837,0,1,1,null,3,0,0
1734036898187,4,1 - Transitive friends - step 3,200,OK,Postgres 1-1,text,true,,837,0,1,1,null,4,0,0
1734036898191,3,1 - Transitive friends - step 3,200,OK,Postgres 1-1,text,true,,837,0,1,1,null,3,0,0
1734036898194,11,1 - Transitive friends - step 3,200,OK,Postgres 1-1,text,true,,3212,0,1,1,null,10,0,0
1734036898206,9,1 - Transitive friends - step 3,200,OK,Postgres 1-1,text,true,,3212,0,1,1,null,7,0,0
1734036898215,8,1 - Transitive friends - step 3,200,OK,Postgres 1-1,text,true,,3212,0,1,1,null,8,0,0
1734036898223,9,1 - Transitive friends - step 3,200,OK,Postgres 1-1,text,true,,3212,0,1,1,null,8,0,0
1734036898232,24,1 - Transitive friends - step 3,200,OK,Postgres 1-1,text,true,,2262,0,1,1,null,24,0,0
1734036898256,24,1 - Transitive friends - step 3,200,OK,Postgres 1-1,text,true,,2262,0,1,1,null,24,0,0
1734036898281,30,1 - Transitive friends - step 3,200,OK,Postgres 1-1,text,true,,2262,0,1,1,null,30,0,0
1734036898311,24,1 - Transitive friends - step 3,200,OK,Postgres 1-1,text,true,,2262,0,1,1,null,24,0,0
1734036898336,1216,2 - Transitive friends - step 4,200,OK,Postgres 1-1,text,true,,3174,0,1,1,null,1216,0,0
1734036899553,1212,2 - Transitive friends - step 4,200,OK,Postgres 1-1,text,true,,3174,0,1,1,null,1212,0,0
1734036900767,1198,2 - Transitive friends - step 4,200,OK,Postgres 1-1,text,true,,3174,0,1,1,null,1197,0,0
1734036901965,1217,2 - Transitive friends - step 4,200,OK,Postgres 1-1,text,true,,3174,0,1,1,null,1217,0,0
1734036903183,18,2 - Transitive friends - step 4,200,OK,Postgres 1-1,text,true,,1273,0,1,1,null,18,0,0
1734036903201,6,2 - Transitive friends - step 4,200,OK,Postgres 1-1,text,true,,1273,0,1,1,null,6,0,0
1734036903208,6,2 - Transitive friends - step 4,200,OK,Postgres 1-1,text,true,,1273,0,1,1,null,6,0,0
1734036903214,6,2 - Transitive friends - step 4,200,OK,Postgres 1-1,text,true,,1273,0,1,1,null,6,0,0
1734036903220,68,2 - Transitive friends - step 4,200,OK,Postgres 1-1,text,true,,3212,0,1,1,null,68,0,0
1734036903289,79,2 - Transitive friends - step 4,200,OK,Postgres 1-1,text,true,,3212,0,1,1,null,78,0,0
1734036903368,80,2 - Transitive friends - step 4,200,OK,Postgres 1-1,text,true,,3212,0,1,1,null,79,0,0
1734036903448,79,2 - Transitive friends - step 4,200,OK,Postgres 1-1,text,true,,3212,0,1,1,null,78,0,0
1734036903527,395,2 - Transitive friends - step 4,200,OK,Postgres 1-1,text,true,,2262,0,1,1,null,395,0,0
1734036903922,371,2 - Transitive friends - step 4,200,OK,Postgres 1-1,text,true,,2262,0,1,1,null,371,0,0
1734036904293,348,2 - Transitive friends - step 4,200,OK,Postgres 1-1,text,true,,2262,0,1,1,null,348,0,0
1734036904642,342,2 - Transitive friends - step 4,200,OK,Postgres 1-1,text,true,,2262,0,1,1,null,341,0,0
1734036904985,15911,3 - Transitive friends - step 5,200,OK,Postgres 1-1,text,true,,3174,0,1,1,null,15910,0,0
1734036920896,15960,3 - Transitive friends - step 5,200,OK,Postgres 1-1,text,true,,3174,0,1,1,null,15960,0,0
1734036936856,15948,3 - Transitive friends - step 5,200,OK,Postgres 1-1,text,true,,3174,0,1,1,null,15948,0,0
1734036952804,16022,3 - Transitive friends - step 5,200,OK,Postgres 1-1,text,true,,3174,0,1,1,null,16022,0,1
1734036968826,135,3 - Transitive friends - step 5,200,OK,Postgres 1-1,text,true,,1617,0,1,1,null,135,0,0
1734036968962,23,3 - Transitive friends - step 5,200,OK,Postgres 1-1,text,true,,1617,0,1,1,null,23,0,0
1734036968985,24,3 - Transitive friends - step 5,200,OK,Postgres 1-1,text,true,,1617,0,1,1,null,24,0,0
1734036969009,23,3 - Transitive friends - step 5,200,OK,Postgres 1-1,text,true,,1617,0,1,1,null,22,0,0
1734036969032,631,3 - Transitive friends - step 5,200,OK,Postgres 1-1,text,true,,3212,0,1,1,null,630,0,0
1734036969663,632,3 - Transitive friends - step 5,200,OK,Postgres 1-1,text,true,,3212,0,1,1,null,631,0,0
1734036970295,620,3 - Transitive friends - step 5,200,OK,Postgres 1-1,text,true,,3212,0,1,1,null,619,0,0
1734036970915,736,3 - Transitive friends - step 5,200,OK,Postgres 1-1,text,true,,3212,0,1,1,null,735,0,0
1734036971651,4579,3 - Transitive friends - step 5,200,OK,Postgres 1-1,text,true,,2262,0,1,1,null,4578,0,0
1734036976230,4619,3 - Transitive friends - step 5,200,OK,Postgres 1-1,text,true,,2262,0,1,1,null,4619,0,0
1734036980849,4796,3 - Transitive friends - step 5,200,OK,Postgres 1-1,text,true,,2262,0,1,1,null,4795,0,0
1734036985645,4667,3 - Transitive friends - step 5,200,OK,Postgres 1-1,text,true,,2262,0,1,1,null,4667,0,0
1734036990315,279,4 - Friends and fof that have been to countries,200,OK,Postgres 1-1,text,true,,85,0,1,1,null,279,0,0
1734036990594,80,4 - Friends and fof that have been to countries,200,OK,Postgres 1-1,text,true,,85,0,1,1,null,79,0,0
1734036990674,77,4 - Friends and fof that have been to countries,200,OK,Postgres 1-1,text,true,,85,0,1,1,null,77,0,0
1734036990751,78,4 - Friends and fof that have been to countries,200,OK,Postgres 1-1,text,true,,85,0,1,1,null,78,0,0
1734036990829,93,4 - Friends and fof that have been to countries,200,OK,Postgres 1-1,text,true,,231,0,1,1,null,93,0,0
1734036990922,185,4 - Friends and fof that have been to countries,200,OK,Postgres 1-1,text,true,,231,0,1,1,null,184,0,0
1734036991107,97,4 - Friends and fof that have been to countries,200,OK,Postgres 1-1,text,true,,231,0,1,1,null,97,0,0
1734036991204,185,4 - Friends and fof that have been to countries,200,OK,Postgres 1-1,text,true,,231,0,1,1,null,185,0,0
1734036991389,172,4 - Friends and fof that have been to countries,200,OK,Postgres 1-1,text,true,,188,0,1,1,null,172,0,0
1734036991561,81,4 - Friends and fof that have been to countries,200,OK,Postgres 1-1,text,true,,188,0,1,1,null,81,0,0
1734036991642,78,4 - Friends and fof that have been to countries,200,OK,Postgres 1-1,text,true,,188,0,1,1,null,78,0,0
1734036991721,78,4 - Friends and fof that have been to countries,200,OK,Postgres 1-1,text,true,,188,0,1,1,null,78,0,0
1734036991799,86,4 - Friends and fof that have been to countries,200,OK,Postgres 1-1,text,true,,155,0,1,1,null,86,0,0
1734036991885,184,4 - Friends and fof that have been to countries,200,OK,Postgres 1-1,text,true,,155,0,1,1,null,184,0,0
1734036992069,87,4 - Friends and fof that have been to countries,200,OK,Postgres 1-1,text,true,,155,0,1,1,null,87,0,0
1734036992156,179,4 - Friends and fof that have been to countries,200,OK,Postgres 1-1,text,true,,155,0,1,1,null,178,0,0
1734036992335,48,5 - Shortest path,200,OK,Postgres 1-1,text,true,,37,0,1,1,null,48,0,1
1734036992383,26,5 - Shortest path,200,OK,Postgres 1-1,text,true,,37,0,1,1,null,26,0,0
1734036992409,26,5 - Shortest path,200,OK,Postgres 1-1,text,true,,37,0,1,1,null,26,0,0
1734036992435,25,5 - Shortest path,200,OK,Postgres 1-1,text,true,,37,0,1,1,null,25,0,0
1734036992460,25,5 - Shortest path,200,OK,Postgres 1-1,text,true,,57,0,1,1,null,25,0,0
1734036992485,26,5 - Shortest path,200,OK,Postgres 1-1,text,true,,57,0,1,1,null,26,0,0
1734036992511,24,5 - Shortest path,200,OK,Postgres 1-1,text,true,,57,0,1,1,null,24,0,0
1734036992535,26,5 - Shortest path,200,OK,Postgres 1-1,text,true,,57,0,1,1,null,26,0,0
1734036992561,25,5 - Shortest path,200,OK,Postgres 1-1,text,true,,48,0,1,1,null,25,0,0
1734036992586,27,5 - Shortest path,200,OK,Postgres 1-1,text,true,,48,0,1,1,null,27,0,0
1734036992613,26,5 - Shortest path,200,OK,Postgres 1-1,text,true,,48,0,1,1,null,26,0,0
1734036992639,24,5 - Shortest path,200,OK,Postgres 1-1,text,true,,48,0,1,1,null,24,0,0
1734036992663,25,5 - Shortest path,200,OK,Postgres 1-1,text,true,,71,0,1,1,null,25,0,0
1734036992689,26,5 - Shortest path,200,OK,Postgres 1-1,text,true,,71,0,1,1,null,25,0,0
1734036992715,24,5 - Shortest path,200,OK,Postgres 1-1,text,true,,71,0,1,1,null,24,0,0
1734036992739,24,5 - Shortest path,200,OK,Postgres 1-1,text,true,,71,0,1,1,null,24,0,0
1734036992764,28,6 - k Shortest paths,200,OK,Postgres 1-1,text,true,,133,0,1,1,null,28,0,0
1734036992793,26,6 - k Shortest paths,200,OK,Postgres 1-1,text,true,,133,0,1,1,null,26,0,0
1734036992819,29,6 - k Shortest paths,200,OK,Postgres 1-1,text,true,,133,0,1,1,null,29,0,0
1734036992848,25,6 - k Shortest paths,200,OK,Postgres 1-1,text,true,,133,0,1,1,null,25,0,0
1734036992874,27,6 - k Shortest paths,200,OK,Postgres 1-1,text,true,,162,0,1,1,null,27,0,0
1734036992901,28,6 - k Shortest paths,200,OK,Postgres 1-1,text,true,,162,0,1,1,null,28,0,0
1734036992929,25,6 - k Shortest paths,200,OK,Postgres 1-1,text,true,,162,0,1,1,null,25,0,0
1734036992955,27,6 - k Shortest paths,200,OK,Postgres 1-1,text,true,,162,0,1,1,null,27,0,0
1734036992983,27,6 - k Shortest paths,200,OK,Postgres 1-1,text,true,,138,0,1,1,null,27,0,0
1734036993011,34,6 - k Shortest paths,200,OK,Postgres 1-1,text,true,,138,0,1,1,null,34,0,0
1734036993045,29,6 - k Shortest paths,200,OK,Postgres 1-1,text,true,,138,0,1,1,null,29,0,0
1734036993074,29,6 - k Shortest paths,200,OK,Postgres 1-1,text,true,,138,0,1,1,null,29,0,0
1734036993103,29,6 - k Shortest paths,200,OK,Postgres 1-1,text,true,,205,0,1,1,null,29,0,0
1734036993132,28,6 - k Shortest paths,200,OK,Postgres 1-1,text,true,,205,0,1,1,null,28,0,0
1734036993160,27,6 - k Shortest paths,200,OK,Postgres 1-1,text,true,,205,0,1,1,null,27,0,0
1734036993187,27,6 - k Shortest paths,200,OK,Postgres 1-1,text,true,,205,0,1,1,null,27,0,0
1734036993215,6,7 - Forum of a message,200,OK,Postgres 1-1,text,true,,115,0,1,1,null,6,0,0
1734036993221,0,7 - Forum of a message,200,OK,Postgres 1-1,text,true,,115,0,1,1,null,0,0,0
1734036993221,1,7 - Forum of a message,200,OK,Postgres 1-1,text,true,,115,0,1,1,null,1,0,0
1734036993222,0,7 - Forum of a message,200,OK,Postgres 1-1,text,true,,115,0,1,1,null,0,0,0
1734036993222,3,7 - Forum of a message,200,OK,Postgres 1-1,text,true,,115,0,1,1,null,3,0,0
1734036993226,0,7 - Forum of a message,200,OK,Postgres 1-1,text,true,,115,0,1,1,null,0,0,0
1734036993226,0,7 - Forum of a message,200,OK,Postgres 1-1,text,true,,115,0,1,1,null,0,0,0
1734036993226,1,7 - Forum of a message,200,OK,Postgres 1-1,text,true,,115,0,1,1,null,1,0,0
1734036993227,2,7 - Forum of a message,200,OK,Postgres 1-1,text,true,,118,0,1,1,null,2,0,0
1734036993229,0,7 - Forum of a message,200,OK,Postgres 1-1,text,true,,118,0,1,1,null,0,0,0
1734036993229,1,7 - Forum of a message,200,OK,Postgres 1-1,text,true,,118,0,1,1,null,1,0,0
1734036993230,0,7 - Forum of a message,200,OK,Postgres 1-1,text,true,,118,0,1,1,null,0,0,0
1734036993230,0,7 - Forum of a message,200,OK,Postgres 1-1,text,true,,118,0,1,1,null,0,0,0
1734036993230,0,7 - Forum of a message,200,OK,Postgres 1-1,text,true,,118,0,1,1,null,0,0,0
1734036993231,0,7 - Forum of a message,200,OK,Postgres 1-1,text,true,,118,0,1,1,null,0,0,0
1734036993231,0,7 - Forum of a message,200,OK,Postgres 1-1,text,true,,118,0,1,1,null,0,0,0
1734036993231,52,8 - Recent messages by your friends,200,OK,Postgres 1-1,text,true,,1885,0,1,1,null,52,0,0
1734036993283,47,8 - Recent messages by your friends,200,OK,Postgres 1-1,text,true,,1885,0,1,1,null,47,0,0
1734036993331,46,8 - Recent messages by your friends,200,OK,Postgres 1-1,text,true,,1885,0,1,1,null,45,0,0
1734036993377,46,8 - Recent messages by your friends,200,OK,Postgres 1-1,text,true,,1885,0,1,1,null,45,0,0
1734036993423,37,8 - Recent messages by your friends,200,OK,Postgres 1-1,text,true,,3365,0,1,1,null,37,0,0
1734036993460,40,8 - Recent messages by your friends,200,OK,Postgres 1-1,text,true,,3365,0,1,1,null,40,0,0
1734036993500,37,8 - Recent messages by your friends,200,OK,Postgres 1-1,text,true,,3365,0,1,1,null,37,0,0
1734036993538,37,8 - Recent messages by your friends,200,OK,Postgres 1-1,text,true,,3365,0,1,1,null,36,0,0
1734036993575,53,8 - Recent messages by your friends,200,OK,Postgres 1-1,text,true,,2712,0,1,1,null,53,0,0
1734036993628,40,8 - Recent messages by your friends,200,OK,Postgres 1-1,text,true,,2712,0,1,1,null,40,0,0
1734036993668,40,8 - Recent messages by your friends,200,OK,Postgres 1-1,text,true,,2712,0,1,1,null,40,0,0
1734036993708,40,8 - Recent messages by your friends,200,OK,Postgres 1-1,text,true,,2712,0,1,1,null,40,0,0
1734036993749,46,8 - Recent messages by your friends,200,OK,Postgres 1-1,text,true,,2322,0,1,1,null,46,0,0
1734036993795,45,8 - Recent messages by your friends,200,OK,Postgres 1-1,text,true,,2322,0,1,1,null,45,0,0
1734036993840,47,8 - Recent messages by your friends,200,OK,Postgres 1-1,text,true,,2322,0,1,1,null,47,0,0
1734036993888,48,8 - Recent messages by your friends,200,OK,Postgres 1-1,text,true,,2322,0,1,1,null,48,0,0
1734036993937,576,9 - Friend recommendation,200,OK,Postgres 1-1,text,true,,540,0,1,1,null,576,0,0
1734036994514,154,9 - Friend recommendation,200,OK,Postgres 1-1,text,true,,540,0,1,1,null,153,0,0
1734036994668,147,9 - Friend recommendation,200,OK,Postgres 1-1,text,true,,540,0,1,1,null,147,0,0
1734036994815,150,9 - Friend recommendation,200,OK,Postgres 1-1,text,true,,540,0,1,1,null,150,0,0
1734036994965,2157,9 - Friend recommendation,200,OK,Postgres 1-1,text,true,,520,0,1,1,null,2156,0,0
1734036997122,2036,9 - Friend recommendation,200,OK,Postgres 1-1,text,true,,520,0,1,1,null,2036,0,0
1734036999158,2037,9 - Friend recommendation,200,OK,Postgres 1-1,text,true,,520,0,1,1,null,2037,0,1
1734037001195,1998,9 - Friend recommendation,200,OK,Postgres 1-1,text,true,,520,0,1,1,null,1998,0,0
1734037003193,1256,9 - Friend recommendation,200,OK,Postgres 1-1,text,true,,520,0,1,1,null,1256,0,0
1734037004449,1110,9 - Friend recommendation,200,OK,Postgres 1-1,text,true,,520,0,1,1,null,1110,0,0
1734037005560,1121,9 - Friend recommendation,200,OK,Postgres 1-1,text,true,,520,0,1,1,null,1121,0,0
1734037006681,1128,9 - Friend recommendation,200,OK,Postgres 1-1,text,true,,520,0,1,1,null,1127,0,0
1734037007809,1979,9 - Friend recommendation,200,OK,Postgres 1-1,text,true,,515,0,1,1,null,1979,0,0
1734037009788,2006,9 - Friend recommendation,200,OK,Postgres 1-1,text,true,,515,0,1,1,null,2005,0,0
1734037011794,1947,9 - Friend recommendation,200,OK,Postgres 1-1,text,true,,515,0,1,1,null,1946,0,0
1734037013741,1932,9 - Friend recommendation,200,OK,Postgres 1-1,text,true,,515,0,1,1,null,1931,0,0
1734037015673,38,10 - Replies of a message,200,OK,Postgres 1-1,text,true,,1141,0,1,1,null,38,0,0
1734037015711,25,10 - Replies of a message,200,OK,Postgres 1-1,text,true,,1141,0,1,1,null,25,0,0
1734037015736,25,10 - Replies of a message,200,OK,Postgres 1-1,text,true,,1141,0,1,1,null,25,0,0
1734037015761,25,10 - Replies of a message,200,OK,Postgres 1-1,text,true,,1141,0,1,1,null,25,0,0
1734037015786,25,10 - Replies of a message,200,OK,Postgres 1-1,text,true,,1048,0,1,1,null,25,0,0
1734037015811,24,10 - Replies of a message,200,OK,Postgres 1-1,text,true,,1048,0,1,1,null,24,0,0
1734037015835,25,10 - Replies of a message,200,OK,Postgres 1-1,text,true,,1048,0,1,1,null,25,0,0
1734037015860,25,10 - Replies of a message,200,OK,Postgres 1-1,text,true,,1048,0,1,1,null,25,0,0
1734037015885,24,10 - Replies of a message,200,OK,Postgres 1-1,text,true,,315,0,1,1,null,24,0,0
1734037015909,26,10 - Replies of a message,200,OK,Postgres 1-1,text,true,,315,0,1,1,null,26,0,0
1734037015935,130,10 - Replies of a message,200,OK,Postgres 1-1,text,true,,315,0,1,1,null,129,0,0
1734037016065,25,10 - Replies of a message,200,OK,Postgres 1-1,text,true,,315,0,1,1,null,25,0,0
1734037016090,25,10 - Replies of a message,200,OK,Postgres 1-1,text,true,,574,0,1,1,null,25,0,0
1734037016115,24,10 - Replies of a message,200,OK,Postgres 1-1,text,true,,574,0,1,1,null,24,0,0
1734037016139,25,10 - Replies of a message,200,OK,Postgres 1-1,text,true,,574,0,1,1,null,24,0,0
1734037016164,26,10 - Replies of a message,200,OK,Postgres 1-1,text,true,,574,0,1,1,null,26,0,0
