timeStamp,elapsed,label,responseCode,responseMessage,threadName,dataType,success,failureMessage,bytes,sentBytes,grpThreads,allThreads,URL,Latency,IdleTime,Connect
1734097534844,971,1 - Transitive friends - step 3,200,OK,Neo4j 1-1,text,true,,249,0,1,1,null,0,0,0
1734097535817,34,1 - Transitive friends - step 3,200,OK,Neo4j 1-1,text,true,,249,0,1,1,null,0,0,0
1734097535851,23,1 - Transitive friends - step 3,200,OK,Neo4j 1-1,text,true,,249,0,1,1,null,0,0,0
1734097535874,26,1 - Transitive friends - step 3,200,OK,Neo4j 1-1,text,true,,249,0,1,1,null,0,0,0
1734097535900,128,1 - Transitive friends - step 3,200,OK,Neo4j 1-1,text,true,,249,0,1,1,null,0,0,0
1734097536029,18,1 - Transitive friends - step 3,200,OK,Neo4j 1-1,text,true,,249,0,1,1,null,0,0,0
1734097536047,16,1 - Transitive friends - step 3,200,OK,Neo4j 1-1,text,true,,249,0,1,1,null,0,0,0
1734097536063,14,1 - Transitive friends - step 3,200,OK,Neo4j 1-1,text,true,,249,0,1,1,null,0,0,0
1734097536077,32,1 - Transitive friends - step 3,200,OK,Neo4j 1-1,text,true,,249,0,1,1,null,0,0,0
1734097536109,9,1 - Transitive friends - step 3,200,OK,Neo4j 1-1,text,true,,249,0,1,1,null,0,0,0
1734097536118,8,1 - Transitive friends - step 3,200,OK,Neo4j 1-1,text,true,,249,0,1,1,null,0,0,0
1734097536127,8,1 - Transitive friends - step 3,200,OK,Neo4j 1-1,text,true,,249,0,1,1,null,0,0,0
1734097536135,32,1 - Transitive friends - step 3,200,OK,Neo4j 1-1,text,true,,249,0,1,1,null,0,0,0
1734097536168,12,1 - Transitive friends - step 3,200,OK,Neo4j 1-1,text,true,,249,0,1,1,null,0,0,0
1734097536180,16,1 - Transitive friends - step 3,200,OK,Neo4j 1-1,text,true,,249,0,1,1,null,0,0,0
1734097536196,14,1 - Transitive friends - step 3,200,OK,Neo4j 1-1,text,true,,249,0,1,1,null,0,0,0
1734097536263,163,2 - Transitive friends - step 4,200,OK,Neo4j 1-1,text,true,,249,0,1,1,null,0,0,0
1734097536426,18,2 - Transitive friends - step 4,200,OK,Neo4j 1-1,text,true,,249,0,1,1,null,0,0,0
1734097536444,16,2 - Transitive friends - step 4,200,OK,Neo4j 1-1,text,true,,249,0,1,1,null,0,0,0
1734097536461,16,2 - Transitive friends - step 4,200,OK,Neo4j 1-1,text,true,,249,0,1,1,null,0,0,0
1734097536477,115,2 - Transitive friends - step 4,200,OK,Neo4j 1-1,text,true,,249,0,1,1,null,0,0,0
1734097536592,40,2 - Transitive friends - step 4,200,OK,Neo4j 1-1,text,true,,249,0,1,1,null,0,0,0
1734097536632,23,2 - Transitive friends - step 4,200,OK,Neo4j 1-1,text,true,,249,0,1,1,null,0,0,0
1734097536655,16,2 - Transitive friends - step 4,200,OK,Neo4j 1-1,text,true,,249,0,1,1,null,0,0,0
1734097536671,32,2 - Transitive friends - step 4,200,OK,Neo4j 1-1,text,true,,249,0,1,1,null,0,0,0
1734097536703,10,2 - Transitive friends - step 4,200,OK,Neo4j 1-1,text,true,,249,0,1,1,null,0,0,0
1734097536713,10,2 - Transitive friends - step 4,200,OK,Neo4j 1-1,text,true,,249,0,1,1,null,0,0,0
1734097536723,9,2 - Transitive friends - step 4,200,OK,Neo4j 1-1,text,true,,249,0,1,1,null,0,0,0
1734097536732,29,2 - Transitive friends - step 4,200,OK,Neo4j 1-1,text,true,,249,0,1,1,null,0,0,0
1734097536762,13,2 - Transitive friends - step 4,200,OK,Neo4j 1-1,text,true,,249,0,1,1,null,0,0,0
1734097536775,13,2 - Transitive friends - step 4,200,OK,Neo4j 1-1,text,true,,249,0,1,1,null,0,0,0
1734097536788,12,2 - Transitive friends - step 4,200,OK,Neo4j 1-1,text,true,,249,0,1,1,null,0,0,0
1734097536801,113,3 - Transitive friends - step 5,200,OK,Neo4j 1-1,text,true,,249,0,1,1,null,0,0,0
1734097536914,16,3 - Transitive friends - step 5,200,OK,Neo4j 1-1,text,true,,249,0,1,1,null,0,0,0
1734097536930,15,3 - Transitive friends - step 5,200,OK,Neo4j 1-1,text,true,,249,0,1,1,null,0,0,0
1734097536945,14,3 - Transitive friends - step 5,200,OK,Neo4j 1-1,text,true,,249,0,1,1,null,0,0,0
1734097536959,83,3 - Transitive friends - step 5,200,OK,Neo4j 1-1,text,true,,249,0,1,1,null,0,0,0
1734097537042,14,3 - Transitive friends - step 5,200,OK,Neo4j 1-1,text,true,,249,0,1,1,null,0,0,0
1734097537056,12,3 - Transitive friends - step 5,200,OK,Neo4j 1-1,text,true,,249,0,1,1,null,0,0,0
1734097537068,12,3 - Transitive friends - step 5,200,OK,Neo4j 1-1,text,true,,249,0,1,1,null,0,0,0
1734097537080,25,3 - Transitive friends - step 5,200,OK,Neo4j 1-1,text,true,,249,0,1,1,null,0,0,0
1734097537105,9,3 - Transitive friends - step 5,200,OK,Neo4j 1-1,text,true,,249,0,1,1,null,0,0,0
1734097537115,9,3 - Transitive friends - step 5,200,OK,Neo4j 1-1,text,true,,249,0,1,1,null,0,0,0
1734097537124,8,3 - Transitive friends - step 5,200,OK,Neo4j 1-1,text,true,,249,0,1,1,null,0,0,0
1734097537132,26,3 - Transitive friends - step 5,200,OK,Neo4j 1-1,text,true,,249,0,1,1,null,0,0,0
1734097537158,12,3 - Transitive friends - step 5,200,OK,Neo4j 1-1,text,true,,249,0,1,1,null,0,0,0
1734097537170,12,3 - Transitive friends - step 5,200,OK,Neo4j 1-1,text,true,,249,0,1,1,null,0,0,0
1734097537182,12,3 - Transitive friends - step 5,200,OK,Neo4j 1-1,text,true,,249,0,1,1,null,0,0,0
1734097537195,1210,4 - Friends and fof that have been to countries,200,OK,Neo4j 1-1,text,true,,249,0,1,1,null,0,0,0
1734097538405,620,4 - Friends and fof that have been to countries,200,OK,Neo4j 1-1,text,true,,249,0,1,1,null,0,0,0
1734097539025,620,4 - Friends and fof that have been to countries,200,OK,Neo4j 1-1,text,true,,249,0,1,1,null,0,0,0
1734097539646,578,4 - Friends and fof that have been to countries,200,OK,Neo4j 1-1,text,true,,249,0,1,1,null,0,0,0
1734097540225,467,4 - Friends and fof that have been to countries,200,OK,Neo4j 1-1,text,true,,249,0,1,1,null,0,0,0
1734097540692,367,4 - Friends and fof that have been to countries,200,OK,Neo4j 1-1,text,true,,249,0,1,1,null,0,0,0
1734097541059,373,4 - Friends and fof that have been to countries,200,OK,Neo4j 1-1,text,true,,249,0,1,1,null,0,0,0
1734097541432,366,4 - Friends and fof that have been to countries,200,OK,Neo4j 1-1,text,true,,249,0,1,1,null,0,0,0
1734097541798,925,4 - Friends and fof that have been to countries,200,OK,Neo4j 1-1,text,true,,249,0,1,1,null,0,0,0
1734097542723,868,4 - Friends and fof that have been to countries,200,OK,Neo4j 1-1,text,true,,249,0,1,1,null,0,0,0
1734097543591,862,4 - Friends and fof that have been to countries,200,OK,Neo4j 1-1,text,true,,249,0,1,1,null,0,0,0
1734097544453,862,4 - Friends and fof that have been to countries,200,OK,Neo4j 1-1,text,true,,249,0,1,1,null,0,0,0
1734097545317,234,4 - Friends and fof that have been to countries,200,OK,Neo4j 1-1,text,true,,249,0,1,1,null,0,0,0
1734097545551,188,4 - Friends and fof that have been to countries,200,OK,Neo4j 1-1,text,true,,249,0,1,1,null,0,0,0
1734097545739,195,4 - Friends and fof that have been to countries,200,OK,Neo4j 1-1,text,true,,249,0,1,1,null,0,0,0
1734097545935,193,4 - Friends and fof that have been to countries,200,OK,Neo4j 1-1,text,true,,249,0,1,1,null,0,0,0
1734097546129,276,5 - Shortest path,200,OK,Neo4j 1-1,text,true,,249,0,1,1,null,0,0,0
1734097546405,3,5 - Shortest path,200,OK,Neo4j 1-1,text,true,,249,0,1,1,null,0,0,0
1734097546408,3,5 - Shortest path,200,OK,Neo4j 1-1,text,true,,249,0,1,1,null,0,0,0
1734097546411,3,5 - Shortest path,200,OK,Neo4j 1-1,text,true,,249,0,1,1,null,0,0,0
1734097546414,8,5 - Shortest path,200,OK,Neo4j 1-1,text,true,,249,0,1,1,null,0,0,0
1734097546422,2,5 - Shortest path,200,OK,Neo4j 1-1,text,true,,249,0,1,1,null,0,0,0
1734097546424,2,5 - Shortest path,200,OK,Neo4j 1-1,text,true,,249,0,1,1,null,0,0,0
1734097546426,2,5 - Shortest path,200,OK,Neo4j 1-1,text,true,,249,0,1,1,null,0,0,0
1734097546428,6,5 - Shortest path,200,OK,Neo4j 1-1,text,true,,249,0,1,1,null,0,0,0
1734097546434,2,5 - Shortest path,200,OK,Neo4j 1-1,text,true,,249,0,1,1,null,0,0,0
1734097546436,2,5 - Shortest path,200,OK,Neo4j 1-1,text,true,,249,0,1,1,null,0,0,0
1734097546438,2,5 - Shortest path,200,OK,Neo4j 1-1,text,true,,249,0,1,1,null,0,0,0
1734097546440,8,5 - Shortest path,200,OK,Neo4j 1-1,text,true,,249,0,1,1,null,0,0,0
1734097546448,2,5 - Shortest path,200,OK,Neo4j 1-1,text,true,,249,0,1,1,null,0,0,0
1734097546450,2,5 - Shortest path,200,OK,Neo4j 1-1,text,true,,249,0,1,1,null,0,0,0
1734097546452,2,5 - Shortest path,200,OK,Neo4j 1-1,text,true,,249,0,1,1,null,0,0,0
1734097546454,562,6.0 - K shortest paths - Create graph,200,OK,Neo4j 1-1,text,true,,249,0,1,1,null,0,0,0
1734097547017,282,6.1 - K shortest paths,200,OK,Neo4j 1-1,text,true,,249,0,1,1,null,0,0,0
1734097547299,56,6.1 - K shortest paths,200,OK,Neo4j 1-1,text,true,,249,0,1,1,null,0,0,0
1734097547355,47,6.1 - K shortest paths,200,OK,Neo4j 1-1,text,true,,249,0,1,1,null,0,0,0
1734097547403,47,6.1 - K shortest paths,200,OK,Neo4j 1-1,text,true,,249,0,1,1,null,0,0,0
1734097547451,48,6.1 - K shortest paths,200,OK,Neo4j 1-1,text,true,,249,0,1,1,null,0,0,0
1734097547499,40,6.1 - K shortest paths,200,OK,Neo4j 1-1,text,true,,249,0,1,1,null,0,0,0
1734097547540,41,6.1 - K shortest paths,200,OK,Neo4j 1-1,text,true,,249,0,1,1,null,0,0,0
1734097547581,39,6.1 - K shortest paths,200,OK,Neo4j 1-1,text,true,,249,0,1,1,null,0,0,0
1734097547620,60,6.1 - K shortest paths,200,OK,Neo4j 1-1,text,true,,249,0,1,1,null,0,0,0
1734097547680,51,6.1 - K shortest paths,200,OK,Neo4j 1-1,text,true,,249,0,1,1,null,0,0,0
1734097547731,53,6.1 - K shortest paths,200,OK,Neo4j 1-1,text,true,,249,0,1,1,null,0,0,0
1734097547784,52,6.1 - K shortest paths,200,OK,Neo4j 1-1,text,true,,249,0,1,1,null,0,0,0
1734097547836,43,6.1 - K shortest paths,200,OK,Neo4j 1-1,text,true,,249,0,1,1,null,0,0,0
1734097547879,36,6.1 - K shortest paths,200,OK,Neo4j 1-1,text,true,,249,0,1,1,null,0,0,0
1734097547915,35,6.1 - K shortest paths,200,OK,Neo4j 1-1,text,true,,249,0,1,1,null,0,0,0
1734097547950,39,6.1 - K shortest paths,200,OK,Neo4j 1-1,text,true,,249,0,1,1,null,0,0,0
1734097547989,46,6.2 - K Shortest paths - Drop graph,200,OK,Neo4j 1-1,text,true,,249,0,1,1,null,0,0,0
1734097548036,140,7 - Forum of a message,200,OK,Neo4j 1-1,text,true,,249,0,1,1,null,0,0,0
1734097548176,5,7 - Forum of a message,200,OK,Neo4j 1-1,text,true,,249,0,1,1,null,0,0,0
1734097548181,3,7 - Forum of a message,200,OK,Neo4j 1-1,text,true,,249,0,1,1,null,0,0,0
1734097548184,3,7 - Forum of a message,200,OK,Neo4j 1-1,text,true,,249,0,1,1,null,0,0,0
1734097548187,13,7 - Forum of a message,200,OK,Neo4j 1-1,text,true,,249,0,1,1,null,0,0,0
1734097548201,2,7 - Forum of a message,200,OK,Neo4j 1-1,text,true,,249,0,1,1,null,0,0,0
1734097548203,2,7 - Forum of a message,200,OK,Neo4j 1-1,text,true,,249,0,1,1,null,0,0,0
1734097548205,2,7 - Forum of a message,200,OK,Neo4j 1-1,text,true,,249,0,1,1,null,0,0,0
1734097548207,10,7 - Forum of a message,200,OK,Neo4j 1-1,text,true,,249,0,1,1,null,0,0,0
1734097548217,2,7 - Forum of a message,200,OK,Neo4j 1-1,text,true,,249,0,1,1,null,0,0,0
1734097548219,2,7 - Forum of a message,200,OK,Neo4j 1-1,text,true,,249,0,1,1,null,0,0,0
1734097548221,2,7 - Forum of a message,200,OK,Neo4j 1-1,text,true,,249,0,1,1,null,0,0,0
1734097548223,9,7 - Forum of a message,200,OK,Neo4j 1-1,text,true,,249,0,1,1,null,0,0,0
1734097548232,2,7 - Forum of a message,200,OK,Neo4j 1-1,text,true,,249,0,1,1,null,0,0,0
1734097548234,2,7 - Forum of a message,200,OK,Neo4j 1-1,text,true,,249,0,1,1,null,0,0,0
1734097548236,2,7 - Forum of a message,200,OK,Neo4j 1-1,text,true,,249,0,1,1,null,0,0,0
1734097548239,90,8 - Recent messages by your friends,200,OK,Neo4j 1-1,text,true,,249,0,1,1,null,0,0,0
1734097548329,19,8 - Recent messages by your friends,200,OK,Neo4j 1-1,text,true,,249,0,1,1,null,0,0,0
1734097548348,16,8 - Recent messages by your friends,200,OK,Neo4j 1-1,text,true,,249,0,1,1,null,0,0,0
1734097548364,13,8 - Recent messages by your friends,200,OK,Neo4j 1-1,text,true,,249,0,1,1,null,0,0,0
1734097548377,22,8 - Recent messages by your friends,200,OK,Neo4j 1-1,text,true,,249,0,1,1,null,0,0,0
1734097548400,11,8 - Recent messages by your friends,200,OK,Neo4j 1-1,text,true,,249,0,1,1,null,0,0,0
1734097548411,8,8 - Recent messages by your friends,200,OK,Neo4j 1-1,text,true,,249,0,1,1,null,0,0,0
1734097548419,8,8 - Recent messages by your friends,200,OK,Neo4j 1-1,text,true,,249,0,1,1,null,0,0,0
1734097548427,21,8 - Recent messages by your friends,200,OK,Neo4j 1-1,text,true,,249,0,1,1,null,0,0,0
1734097548448,13,8 - Recent messages by your friends,200,OK,Neo4j 1-1,text,true,,249,0,1,1,null,0,0,0
1734097548461,11,8 - Recent messages by your friends,200,OK,Neo4j 1-1,text,true,,249,0,1,1,null,0,0,0
1734097548472,11,8 - Recent messages by your friends,200,OK,Neo4j 1-1,text,true,,249,0,1,1,null,0,0,0
1734097548483,30,8 - Recent messages by your friends,200,OK,Neo4j 1-1,text,true,,249,0,1,1,null,0,0,0
1734097548514,22,8 - Recent messages by your friends,200,OK,Neo4j 1-1,text,true,,249,0,1,1,null,0,0,0
1734097548536,19,8 - Recent messages by your friends,200,OK,Neo4j 1-1,text,true,,249,0,1,1,null,0,0,0
1734097548556,17,8 - Recent messages by your friends,200,OK,Neo4j 1-1,text,true,,249,0,1,1,null,0,0,0
1734097548574,344,9 - Friends recommendation,200,OK,Neo4j 1-1,text,true,,249,0,1,1,null,0,0,0
1734097548918,22,9 - Friends recommendation,200,OK,Neo4j 1-1,text,true,,249,0,1,1,null,0,0,0
1734097548940,12,9 - Friends recommendation,200,OK,Neo4j 1-1,text,true,,249,0,1,1,null,0,0,0
1734097548952,10,9 - Friends recommendation,200,OK,Neo4j 1-1,text,true,,249,0,1,1,null,0,0,0
1734097548962,147,9 - Friends recommendation,200,OK,Neo4j 1-1,text,true,,249,0,1,1,null,0,0,0
1734097549109,100,9 - Friends recommendation,200,OK,Neo4j 1-1,text,true,,249,0,1,1,null,0,0,0
1734097549209,94,9 - Friends recommendation,200,OK,Neo4j 1-1,text,true,,249,0,1,1,null,0,0,0
1734097549304,91,9 - Friends recommendation,200,OK,Neo4j 1-1,text,true,,249,0,1,1,null,0,0,0
1734097549395,83,9 - Friends recommendation,200,OK,Neo4j 1-1,text,true,,249,0,1,1,null,0,0,0
1734097549478,59,9 - Friends recommendation,200,OK,Neo4j 1-1,text,true,,249,0,1,1,null,0,0,0
1734097549537,49,9 - Friends recommendation,200,OK,Neo4j 1-1,text,true,,249,0,1,1,null,0,0,0
1734097549586,37,9 - Friends recommendation,200,OK,Neo4j 1-1,text,true,,249,0,1,1,null,0,0,0
1734097549623,49,9 - Friends recommendation,200,OK,Neo4j 1-1,text,true,,249,0,1,1,null,0,0,0
1734097549672,24,9 - Friends recommendation,200,OK,Neo4j 1-1,text,true,,249,0,1,1,null,0,0,0
1734097549696,21,9 - Friends recommendation,200,OK,Neo4j 1-1,text,true,,249,0,1,1,null,0,0,0
1734097549717,23,9 - Friends recommendation,200,OK,Neo4j 1-1,text,true,,249,0,1,1,null,0,0,0
1734097549741,110,10 - Friends recommendation,200,OK,Neo4j 1-1,text,true,,249,0,1,1,null,0,0,0
1734097549851,3,10 - Friends recommendation,200,OK,Neo4j 1-1,text,true,,249,0,1,1,null,0,0,0
1734097549854,3,10 - Friends recommendation,200,OK,Neo4j 1-1,text,true,,249,0,1,1,null,0,0,0
1734097549857,2,10 - Friends recommendation,200,OK,Neo4j 1-1,text,true,,249,0,1,1,null,0,0,0
1734097549859,10,10 - Friends recommendation,200,OK,Neo4j 1-1,text,true,,249,0,1,1,null,0,0,0
1734097549869,2,10 - Friends recommendation,200,OK,Neo4j 1-1,text,true,,249,0,1,1,null,0,0,0
1734097549871,2,10 - Friends recommendation,200,OK,Neo4j 1-1,text,true,,249,0,1,1,null,0,0,0
1734097549873,3,10 - Friends recommendation,200,OK,Neo4j 1-1,text,true,,249,0,1,1,null,0,0,0
1734097549876,9,10 - Friends recommendation,200,OK,Neo4j 1-1,text,true,,249,0,1,1,null,0,0,0
1734097549885,2,10 - Friends recommendation,200,OK,Neo4j 1-1,text,true,,249,0,1,1,null,0,0,0
1734097549887,2,10 - Friends recommendation,200,OK,Neo4j 1-1,text,true,,249,0,1,1,null,0,0,0
1734097549889,2,10 - Friends recommendation,200,OK,Neo4j 1-1,text,true,,249,0,1,1,null,0,0,0
1734097549891,9,10 - Friends recommendation,200,OK,Neo4j 1-1,text,true,,249,0,1,1,null,0,0,0
1734097549900,3,10 - Friends recommendation,200,OK,Neo4j 1-1,text,true,,249,0,1,1,null,0,0,0
1734097549903,2,10 - Friends recommendation,200,OK,Neo4j 1-1,text,true,,249,0,1,1,null,0,0,0
1734097549905,2,10 - Friends recommendation,200,OK,Neo4j 1-1,text,true,,249,0,1,1,null,0,0,0
