timeStamp,elapsed,label
1733849002831,531,1 - Transitive friends - step 4
1733849003362,35,1 - Transitive friends - step 4
1733849003397,28,1 - Transitive friends - step 4
1733849003425,24,1 - Transitive friends - step 4
1733849003449,41,1 - Transitive friends - step 4
1733849003490,11,1 - Transitive friends - step 4
1733849003501,10,1 - Transitive friends - step 4
1733849003511,9,1 - Transitive friends - step 4
1733849003520,48,1 - Transitive friends - step 4
1733849003569,14,1 - Transitive friends - step 4
1733849003583,14,1 - Transitive friends - step 4
1733849003597,15,1 - Transitive friends - step 4
1733849003612,44,1 - Transitive friends - step 4
1733849003656,24,1 - Transitive friends - step 4
1733849003680,11,1 - Transitive friends - step 4
1733849003691,13,1 - Transitive friends - step 4
1733849003705,203,2 - Transitive friends - step 5
1733849003909,14,2 - Transitive friends - step 5
1733849003923,18,2 - Transitive friends - step 5
1733849003941,14,2 - Transitive friends - step 5
1733849003955,38,2 - Transitive friends - step 5
1733849003994,8,2 - Transitive friends - step 5
1733849004003,7,2 - Transitive friends - step 5
1733849004010,6,2 - Transitive friends - step 5
1733849004016,35,2 - Transitive friends - step 5
1733849004051,10,2 - Transitive friends - step 5
1733849004061,13,2 - Transitive friends - step 5
1733849004074,10,2 - Transitive friends - step 5
1733849004085,35,2 - Transitive friends - step 5
1733849004120,10,2 - Transitive friends - step 5
1733849004131,10,2 - Transitive friends - step 5
1733849004141,10,2 - Transitive friends - step 5
1733849004151,174,3 - Transitive friends - step 6
1733849004325,13,3 - Transitive friends - step 6
1733849004338,12,3 - Transitive friends - step 6
1733849004350,12,3 - Transitive friends - step 6
1733849004362,32,3 - Transitive friends - step 6
1733849004394,8,3 - Transitive friends - step 6
1733849004402,7,3 - Transitive friends - step 6
1733849004409,7,3 - Transitive friends - step 6
1733849004416,35,3 - Transitive friends - step 6
1733849004451,13,3 - Transitive friends - step 6
1733849004465,11,3 - Transitive friends - step 6
1733849004476,10,3 - Transitive friends - step 6
1733849004486,36,3 - Transitive friends - step 6
1733849004522,9,3 - Transitive friends - step 6
1733849004531,10,3 - Transitive friends - step 6
1733849004541,11,3 - Transitive friends - step 6
1733849004552,1019,4 - Friends and fof that have been to countries
1733849005571,322,4 - Friends and fof that have been to countries
1733849005893,290,4 - Friends and fof that have been to countries
1733849006183,302,4 - Friends and fof that have been to countries
1733849006485,225,4 - Friends and fof that have been to countries
1733849006710,167,4 - Friends and fof that have been to countries
1733849006877,162,4 - Friends and fof that have been to countries
1733849007039,170,4 - Friends and fof that have been to countries
1733849007209,268,4 - Friends and fof that have been to countries
1733849007477,255,4 - Friends and fof that have been to countries
1733849007732,245,4 - Friends and fof that have been to countries
1733849007977,223,4 - Friends and fof that have been to countries
1733849008200,106,4 - Friends and fof that have been to countries
1733849008306,70,4 - Friends and fof that have been to countries
1733849008376,69,4 - Friends and fof that have been to countries
1733849008445,65,4 - Friends and fof that have been to countries
1733849008511,103,5 - Shortest path
1733849008614,3,5 - Shortest path
1733849008617,3,5 - Shortest path
1733849008620,3,5 - Shortest path
1733849008623,13,5 - Shortest path
1733849008636,4,5 - Shortest path
1733849008640,4,5 - Shortest path
1733849008644,3,5 - Shortest path
1733849008647,11,5 - Shortest path
1733849008659,3,5 - Shortest path
1733849008662,3,5 - Shortest path
1733849008665,3,5 - Shortest path
1733849008669,10,5 - Shortest path
1733849008680,3,5 - Shortest path
1733849008683,3,5 - Shortest path
1733849008686,3,5 - Shortest path
1733849008689,326,6.0 - K shortest paths - Create graph
1733849009016,204,6.1 - K shortest paths
1733849009220,29,6.1 - K shortest paths
1733849009249,20,6.1 - K shortest paths
1733849009269,17,6.1 - K shortest paths
1733849009286,27,6.1 - K shortest paths
1733849009314,12,6.1 - K shortest paths
1733849009327,15,6.1 - K shortest paths
1733849009342,16,6.1 - K shortest paths
1733849009358,37,6.1 - K shortest paths
1733849009395,22,6.1 - K shortest paths
1733849009417,21,6.1 - K shortest paths
1733849009438,21,6.1 - K shortest paths
1733849009459,37,6.1 - K shortest paths
1733849009496,21,6.1 - K shortest paths
1733849009518,18,6.1 - K shortest paths
1733849009536,19,6.1 - K shortest paths
1733849009555,42,6.2 - K Shortest paths - Drop graph
1733849009598,117,7 - Forum of a message
1733849009715,4,7 - Forum of a message
1733849009719,3,7 - Forum of a message
1733849009723,4,7 - Forum of a message
1733849009727,20,7 - Forum of a message
1733849009747,4,7 - Forum of a message
1733849009751,5,7 - Forum of a message
1733849009756,4,7 - Forum of a message
1733849009760,17,7 - Forum of a message
1733849009777,4,7 - Forum of a message
1733849009781,4,7 - Forum of a message
1733849009785,4,7 - Forum of a message
1733849009789,17,7 - Forum of a message
1733849009806,5,7 - Forum of a message
1733849009811,3,7 - Forum of a message
1733849009815,3,7 - Forum of a message
1733849009818,119,8 - Recent messages by your friends
1733849009937,42,8 - Recent messages by your friends
1733849009979,37,8 - Recent messages by your friends
1733849010016,27,8 - Recent messages by your friends
1733849010043,38,8 - Recent messages by your friends
1733849010081,26,8 - Recent messages by your friends
1733849010107,26,8 - Recent messages by your friends
1733849010133,27,8 - Recent messages by your friends
1733849010160,74,8 - Recent messages by your friends
1733849010234,67,8 - Recent messages by your friends
1733849010301,58,8 - Recent messages by your friends
1733849010359,64,8 - Recent messages by your friends
1733849010423,18,8 - Recent messages by your friends
1733849010442,5,8 - Recent messages by your friends
1733849010448,6,8 - Recent messages by your friends
1733849010454,6,8 - Recent messages by your friends
1733849010461,692,9 - Friends recommendation
1733849011154,160,9 - Friends recommendation
1733849011314,111,9 - Friends recommendation
1733849011425,107,9 - Friends recommendation
1733849011532,61,9 - Friends recommendation
1733849011593,33,9 - Friends recommendation
1733849011626,32,9 - Friends recommendation
1733849011658,33,9 - Friends recommendation
1733849011691,41,9 - Friends recommendation
1733849011732,12,9 - Friends recommendation
1733849011744,12,9 - Friends recommendation
1733849011756,14,9 - Friends recommendation
1733849011770,63,9 - Friends recommendation
1733849011833,34,9 - Friends recommendation
1733849011868,31,9 - Friends recommendation
1733849011900,32,9 - Friends recommendation
1733849011933,146,10 - Friends recommendation
1733849012079,4,10 - Friends recommendation
1733849012084,4,10 - Friends recommendation
1733849012088,5,10 - Friends recommendation
1733849012093,17,10 - Friends recommendation
1733849012110,5,10 - Friends recommendation
1733849012115,4,10 - Friends recommendation
1733849012119,4,10 - Friends recommendation
1733849012123,16,10 - Friends recommendation
1733849012139,4,10 - Friends recommendation
1733849012143,3,10 - Friends recommendation
1733849012146,4,10 - Friends recommendation
1733849012150,17,10 - Friends recommendation
1733849012167,4,10 - Friends recommendation
1733849012171,4,10 - Friends recommendation
1733849012175,3,10 - Friends recommendation
