timeStamp,elapsed,label,responseCode,responseMessage,threadName,dataType,success,failureMessage,bytes,sentBytes,grpThreads,allThreads,URL,Latency,IdleTime,Connect
1734050823554,162,1 - Transitive friends - step 3,200,OK,Postgres 1-1,text,true,,3174,0,1,1,null,158,0,0
1734050823723,127,1 - Transitive friends - step 3,200,OK,Postgres 1-1,text,true,,3174,0,1,1,null,126,0,0
1734050823851,128,1 - Transitive friends - step 3,200,OK,Postgres 1-1,text,true,,3174,0,1,1,null,126,0,0
1734050823979,126,1 - Transitive friends - step 3,200,OK,Postgres 1-1,text,true,,3174,0,1,1,null,125,0,0
1734050824106,10,1 - Transitive friends - step 3,200,OK,Postgres 1-1,text,true,,837,0,1,1,null,10,0,0
1734050824116,4,1 - Transitive friends - step 3,200,OK,Postgres 1-1,text,true,,837,0,1,1,null,4,0,0
1734050824121,4,1 - Transitive friends - step 3,200,OK,Postgres 1-1,text,true,,837,0,1,1,null,3,0,0
1734050824125,4,1 - Transitive friends - step 3,200,OK,Postgres 1-1,text,true,,837,0,1,1,null,4,0,0
1734050824129,15,1 - Transitive friends - step 3,200,OK,Postgres 1-1,text,true,,3212,0,1,1,null,13,0,0
1734050824144,14,1 - Transitive friends - step 3,200,OK,Postgres 1-1,text,true,,3212,0,1,1,null,12,0,0
1734050824158,13,1 - Transitive friends - step 3,200,OK,Postgres 1-1,text,true,,3212,0,1,1,null,12,0,0
1734050824171,14,1 - Transitive friends - step 3,200,OK,Postgres 1-1,text,true,,3212,0,1,1,null,12,0,0
1734050824185,35,1 - Transitive friends - step 3,200,OK,Postgres 1-1,text,true,,2262,0,1,1,null,35,0,0
1734050824220,37,1 - Transitive friends - step 3,200,OK,Postgres 1-1,text,true,,2262,0,1,1,null,37,0,0
1734050824257,36,1 - Transitive friends - step 3,200,OK,Postgres 1-1,text,true,,2262,0,1,1,null,36,0,0
1734050824294,35,1 - Transitive friends - step 3,200,OK,Postgres 1-1,text,true,,2262,0,1,1,null,35,0,0
1734050824330,2211,2 - Transitive friends - step 4,200,OK,Postgres 1-1,text,true,,3174,0,1,1,null,2210,0,0
1734050826541,2259,2 - Transitive friends - step 4,200,OK,Postgres 1-1,text,true,,3174,0,1,1,null,2258,0,0
1734050828800,2268,2 - Transitive friends - step 4,200,OK,Postgres 1-1,text,true,,3174,0,1,1,null,2267,0,0
1734050831068,2258,2 - Transitive friends - step 4,200,OK,Postgres 1-1,text,true,,3174,0,1,1,null,2258,0,0
1734050833327,26,2 - Transitive friends - step 4,200,OK,Postgres 1-1,text,true,,1273,0,1,1,null,26,0,0
1734050833353,12,2 - Transitive friends - step 4,200,OK,Postgres 1-1,text,true,,1273,0,1,1,null,11,0,0
1734050833365,10,2 - Transitive friends - step 4,200,OK,Postgres 1-1,text,true,,1273,0,1,1,null,10,0,0
1734050833375,10,2 - Transitive friends - step 4,200,OK,Postgres 1-1,text,true,,1273,0,1,1,null,10,0,0
1734050833386,102,2 - Transitive friends - step 4,200,OK,Postgres 1-1,text,true,,3212,0,1,1,null,101,0,0
1734050833488,104,2 - Transitive friends - step 4,200,OK,Postgres 1-1,text,true,,3212,0,1,1,null,104,0,0
1734050833593,104,2 - Transitive friends - step 4,200,OK,Postgres 1-1,text,true,,3212,0,1,1,null,103,0,0
1734050833698,105,2 - Transitive friends - step 4,200,OK,Postgres 1-1,text,true,,3212,0,1,1,null,104,0,0
1734050833803,634,2 - Transitive friends - step 4,200,OK,Postgres 1-1,text,true,,2262,0,1,1,null,634,0,0
1734050834438,646,2 - Transitive friends - step 4,200,OK,Postgres 1-1,text,true,,2262,0,1,1,null,646,0,0
1734050835085,664,2 - Transitive friends - step 4,200,OK,Postgres 1-1,text,true,,2262,0,1,1,null,664,0,0
1734050835750,651,2 - Transitive friends - step 4,200,OK,Postgres 1-1,text,true,,2262,0,1,1,null,651,0,0
1734050836402,30196,3 - Transitive friends - step 5,200,OK,Postgres 1-1,text,true,,3174,0,1,1,null,30196,0,0
1734050866597,30584,3 - Transitive friends - step 5,200,OK,Postgres 1-1,text,true,,3174,0,1,1,null,30584,0,0
1734050897181,30805,3 - Transitive friends - step 5,200,OK,Postgres 1-1,text,true,,3174,0,1,1,null,30805,0,0
1734050927987,30727,3 - Transitive friends - step 5,200,OK,Postgres 1-1,text,true,,3174,0,1,1,null,30727,0,1
1734050958715,186,3 - Transitive friends - step 5,200,OK,Postgres 1-1,text,true,,1617,0,1,1,null,186,0,0
1734050958901,40,3 - Transitive friends - step 5,200,OK,Postgres 1-1,text,true,,1617,0,1,1,null,40,0,0
1734050958941,40,3 - Transitive friends - step 5,200,OK,Postgres 1-1,text,true,,1617,0,1,1,null,40,0,0
1734050958981,40,3 - Transitive friends - step 5,200,OK,Postgres 1-1,text,true,,1617,0,1,1,null,39,0,0
1734050959021,1180,3 - Transitive friends - step 5,200,OK,Postgres 1-1,text,true,,3212,0,1,1,null,1179,0,0
1734050960201,1623,3 - Transitive friends - step 5,200,OK,Postgres 1-1,text,true,,3212,0,1,1,null,1622,0,0
1734050961824,1174,3 - Transitive friends - step 5,200,OK,Postgres 1-1,text,true,,3212,0,1,1,null,1174,0,0
1734050962999,1189,3 - Transitive friends - step 5,200,OK,Postgres 1-1,text,true,,3212,0,1,1,null,1188,0,0
1734050964188,8684,3 - Transitive friends - step 5,200,OK,Postgres 1-1,text,true,,2262,0,1,1,null,8683,0,0
1734050972873,8772,3 - Transitive friends - step 5,200,OK,Postgres 1-1,text,true,,2262,0,1,1,null,8771,0,0
1734050981645,8851,3 - Transitive friends - step 5,200,OK,Postgres 1-1,text,true,,2262,0,1,1,null,8851,0,0
1734050990497,8805,3 - Transitive friends - step 5,200,OK,Postgres 1-1,text,true,,2262,0,1,1,null,8804,0,0
1734050999301,215,4 - Friends and fof that have been to countries,200,OK,Postgres 1-1,text,true,,85,0,1,1,null,214,0,0
1734050999516,143,4 - Friends and fof that have been to countries,200,OK,Postgres 1-1,text,true,,85,0,1,1,null,143,0,0
1734050999660,142,4 - Friends and fof that have been to countries,200,OK,Postgres 1-1,text,true,,85,0,1,1,null,142,0,0
1734050999802,138,4 - Friends and fof that have been to countries,200,OK,Postgres 1-1,text,true,,85,0,1,1,null,138,0,0
1734050999940,168,4 - Friends and fof that have been to countries,200,OK,Postgres 1-1,text,true,,231,0,1,1,null,168,0,0
1734051000110,167,4 - Friends and fof that have been to countries,200,OK,Postgres 1-1,text,true,,231,0,1,1,null,167,0,0
1734051000277,165,4 - Friends and fof that have been to countries,200,OK,Postgres 1-1,text,true,,231,0,1,1,null,165,0,0
1734051000443,166,4 - Friends and fof that have been to countries,200,OK,Postgres 1-1,text,true,,231,0,1,1,null,166,0,0
1734051000610,142,4 - Friends and fof that have been to countries,200,OK,Postgres 1-1,text,true,,188,0,1,1,null,142,0,0
1734051000752,216,4 - Friends and fof that have been to countries,200,OK,Postgres 1-1,text,true,,188,0,1,1,null,216,0,0
1734051000968,142,4 - Friends and fof that have been to countries,200,OK,Postgres 1-1,text,true,,188,0,1,1,null,142,0,0
1734051001111,142,4 - Friends and fof that have been to countries,200,OK,Postgres 1-1,text,true,,188,0,1,1,null,142,0,0
1734051001253,150,4 - Friends and fof that have been to countries,200,OK,Postgres 1-1,text,true,,155,0,1,1,null,150,0,0
1734051001403,148,4 - Friends and fof that have been to countries,200,OK,Postgres 1-1,text,true,,155,0,1,1,null,147,0,0
1734051001551,229,4 - Friends and fof that have been to countries,200,OK,Postgres 1-1,text,true,,155,0,1,1,null,229,0,0
1734051001780,147,4 - Friends and fof that have been to countries,200,OK,Postgres 1-1,text,true,,155,0,1,1,null,146,0,0
1734051001927,43,5 - Shortest path,200,OK,Postgres 1-1,text,true,,37,0,1,1,null,43,0,0
1734051001971,33,5 - Shortest path,200,OK,Postgres 1-1,text,true,,37,0,1,1,null,33,0,0
1734051002004,35,5 - Shortest path,200,OK,Postgres 1-1,text,true,,37,0,1,1,null,35,0,0
1734051002039,34,5 - Shortest path,200,OK,Postgres 1-1,text,true,,37,0,1,1,null,34,0,0
1734051002073,34,5 - Shortest path,200,OK,Postgres 1-1,text,true,,57,0,1,1,null,34,0,0
1734051002107,34,5 - Shortest path,200,OK,Postgres 1-1,text,true,,57,0,1,1,null,34,0,0
1734051002141,34,5 - Shortest path,200,OK,Postgres 1-1,text,true,,57,0,1,1,null,34,0,0
1734051002175,33,5 - Shortest path,200,OK,Postgres 1-1,text,true,,57,0,1,1,null,33,0,0
1734051002208,34,5 - Shortest path,200,OK,Postgres 1-1,text,true,,48,0,1,1,null,34,0,0
1734051002242,34,5 - Shortest path,200,OK,Postgres 1-1,text,true,,48,0,1,1,null,34,0,0
1734051002276,34,5 - Shortest path,200,OK,Postgres 1-1,text,true,,48,0,1,1,null,34,0,0
1734051002310,34,5 - Shortest path,200,OK,Postgres 1-1,text,true,,48,0,1,1,null,34,0,0
1734051002344,34,5 - Shortest path,200,OK,Postgres 1-1,text,true,,71,0,1,1,null,34,0,0
1734051002378,34,5 - Shortest path,200,OK,Postgres 1-1,text,true,,71,0,1,1,null,34,0,0
1734051002412,34,5 - Shortest path,200,OK,Postgres 1-1,text,true,,71,0,1,1,null,34,0,0
1734051002446,34,5 - Shortest path,200,OK,Postgres 1-1,text,true,,71,0,1,1,null,34,0,0
1734051002481,37,6 - k Shortest paths,200,OK,Postgres 1-1,text,true,,133,0,1,1,null,37,0,0
1734051002518,36,6 - k Shortest paths,200,OK,Postgres 1-1,text,true,,133,0,1,1,null,36,0,0
1734051002554,36,6 - k Shortest paths,200,OK,Postgres 1-1,text,true,,133,0,1,1,null,36,0,0
1734051002590,37,6 - k Shortest paths,200,OK,Postgres 1-1,text,true,,133,0,1,1,null,37,0,0
1734051002627,36,6 - k Shortest paths,200,OK,Postgres 1-1,text,true,,162,0,1,1,null,36,0,0
1734051002663,35,6 - k Shortest paths,200,OK,Postgres 1-1,text,true,,162,0,1,1,null,35,0,0
1734051002698,36,6 - k Shortest paths,200,OK,Postgres 1-1,text,true,,162,0,1,1,null,36,0,0
1734051002734,36,6 - k Shortest paths,200,OK,Postgres 1-1,text,true,,162,0,1,1,null,36,0,0
1734051002770,38,6 - k Shortest paths,200,OK,Postgres 1-1,text,true,,138,0,1,1,null,38,0,0
1734051002808,38,6 - k Shortest paths,200,OK,Postgres 1-1,text,true,,138,0,1,1,null,38,0,0
1734051002846,37,6 - k Shortest paths,200,OK,Postgres 1-1,text,true,,138,0,1,1,null,37,0,0
1734051002883,39,6 - k Shortest paths,200,OK,Postgres 1-1,text,true,,138,0,1,1,null,39,0,0
1734051002922,38,6 - k Shortest paths,200,OK,Postgres 1-1,text,true,,205,0,1,1,null,38,0,0
1734051002961,38,6 - k Shortest paths,200,OK,Postgres 1-1,text,true,,205,0,1,1,null,38,0,0
1734051002999,37,6 - k Shortest paths,200,OK,Postgres 1-1,text,true,,205,0,1,1,null,37,0,0
1734051003037,39,6 - k Shortest paths,200,OK,Postgres 1-1,text,true,,205,0,1,1,null,39,0,0
1734051003076,3,7 - Forum of a message,200,OK,Postgres 1-1,text,true,,115,0,1,1,null,3,0,0
1734051003080,0,7 - Forum of a message,200,OK,Postgres 1-1,text,true,,115,0,1,1,null,0,0,0
1734051003080,1,7 - Forum of a message,200,OK,Postgres 1-1,text,true,,115,0,1,1,null,0,0,0
1734051003081,0,7 - Forum of a message,200,OK,Postgres 1-1,text,true,,115,0,1,1,null,0,0,0
1734051003081,2,7 - Forum of a message,200,OK,Postgres 1-1,text,true,,115,0,1,1,null,2,0,0
1734051003083,0,7 - Forum of a message,200,OK,Postgres 1-1,text,true,,115,0,1,1,null,0,0,0
1734051003083,1,7 - Forum of a message,200,OK,Postgres 1-1,text,true,,115,0,1,1,null,1,0,0
1734051003084,0,7 - Forum of a message,200,OK,Postgres 1-1,text,true,,115,0,1,1,null,0,0,0
1734051003084,1,7 - Forum of a message,200,OK,Postgres 1-1,text,true,,118,0,1,1,null,1,0,0
1734051003085,0,7 - Forum of a message,200,OK,Postgres 1-1,text,true,,118,0,1,1,null,0,0,0
1734051003086,0,7 - Forum of a message,200,OK,Postgres 1-1,text,true,,118,0,1,1,null,0,0,0
1734051003086,0,7 - Forum of a message,200,OK,Postgres 1-1,text,true,,118,0,1,1,null,0,0,0
1734051003086,1,7 - Forum of a message,200,OK,Postgres 1-1,text,true,,118,0,1,1,null,1,0,0
1734051003087,0,7 - Forum of a message,200,OK,Postgres 1-1,text,true,,118,0,1,1,null,0,0,0
1734051003087,0,7 - Forum of a message,200,OK,Postgres 1-1,text,true,,118,0,1,1,null,0,0,0
1734051003087,1,7 - Forum of a message,200,OK,Postgres 1-1,text,true,,118,0,1,1,null,1,0,0
1734051003089,82,8 - Recent messages by your friends,200,OK,Postgres 1-1,text,true,,1885,0,1,1,null,82,0,0
1734051003171,85,8 - Recent messages by your friends,200,OK,Postgres 1-1,text,true,,1885,0,1,1,null,85,0,0
1734051003256,87,8 - Recent messages by your friends,200,OK,Postgres 1-1,text,true,,1885,0,1,1,null,86,0,0
1734051003343,158,8 - Recent messages by your friends,200,OK,Postgres 1-1,text,true,,1885,0,1,1,null,158,0,0
1734051003501,156,8 - Recent messages by your friends,200,OK,Postgres 1-1,text,true,,3365,0,1,1,null,156,0,0
1734051003658,66,8 - Recent messages by your friends,200,OK,Postgres 1-1,text,true,,3365,0,1,1,null,66,0,0
1734051003724,66,8 - Recent messages by your friends,200,OK,Postgres 1-1,text,true,,3365,0,1,1,null,66,0,0
1734051003790,64,8 - Recent messages by your friends,200,OK,Postgres 1-1,text,true,,3365,0,1,1,null,64,0,0
1734051003854,71,8 - Recent messages by your friends,200,OK,Postgres 1-1,text,true,,2712,0,1,1,null,71,0,0
1734051003925,73,8 - Recent messages by your friends,200,OK,Postgres 1-1,text,true,,2712,0,1,1,null,73,0,0
1734051003998,71,8 - Recent messages by your friends,200,OK,Postgres 1-1,text,true,,2712,0,1,1,null,71,0,0
1734051004069,70,8 - Recent messages by your friends,200,OK,Postgres 1-1,text,true,,2712,0,1,1,null,69,0,0
1734051004139,84,8 - Recent messages by your friends,200,OK,Postgres 1-1,text,true,,2322,0,1,1,null,83,0,0
1734051004223,154,8 - Recent messages by your friends,200,OK,Postgres 1-1,text,true,,2322,0,1,1,null,153,0,0
1734051004377,84,8 - Recent messages by your friends,200,OK,Postgres 1-1,text,true,,2322,0,1,1,null,84,0,0
1734051004462,81,8 - Recent messages by your friends,200,OK,Postgres 1-1,text,true,,2322,0,1,1,null,81,0,0
1734051004544,314,9 - Friend recommendation,200,OK,Postgres 1-1,text,true,,540,0,1,1,null,314,0,0
1734051004859,269,9 - Friend recommendation,200,OK,Postgres 1-1,text,true,,540,0,1,1,null,269,0,0
1734051005128,259,9 - Friend recommendation,200,OK,Postgres 1-1,text,true,,540,0,1,1,null,259,0,0
1734051005388,269,9 - Friend recommendation,200,OK,Postgres 1-1,text,true,,540,0,1,1,null,269,0,0
1734051005658,3399,9 - Friend recommendation,200,OK,Postgres 1-1,text,true,,520,0,1,1,null,3399,0,0
1734051009057,3454,9 - Friend recommendation,200,OK,Postgres 1-1,text,true,,520,0,1,1,null,3454,0,0
1734051012511,3452,9 - Friend recommendation,200,OK,Postgres 1-1,text,true,,520,0,1,1,null,3452,0,0
1734051015963,3395,9 - Friend recommendation,200,OK,Postgres 1-1,text,true,,520,0,1,1,null,3395,0,0
1734051019359,1959,9 - Friend recommendation,200,OK,Postgres 1-1,text,true,,520,0,1,1,null,1959,0,0
1734051021318,1972,9 - Friend recommendation,200,OK,Postgres 1-1,text,true,,520,0,1,1,null,1972,0,0
1734051023290,1931,9 - Friend recommendation,200,OK,Postgres 1-1,text,true,,520,0,1,1,null,1931,0,0
1734051025221,2040,9 - Friend recommendation,200,OK,Postgres 1-1,text,true,,520,0,1,1,null,2040,0,0
1734051027261,3430,9 - Friend recommendation,200,OK,Postgres 1-1,text,true,,515,0,1,1,null,3430,0,0
1734051030692,3397,9 - Friend recommendation,200,OK,Postgres 1-1,text,true,,515,0,1,1,null,3397,0,0
1734051034089,3411,9 - Friend recommendation,200,OK,Postgres 1-1,text,true,,515,0,1,1,null,3411,0,0
1734051037501,3393,9 - Friend recommendation,200,OK,Postgres 1-1,text,true,,515,0,1,1,null,3393,0,0
1734051040895,50,10 - Replies of a message,200,OK,Postgres 1-1,text,true,,1141,0,1,1,null,50,0,0
1734051040945,47,10 - Replies of a message,200,OK,Postgres 1-1,text,true,,1141,0,1,1,null,47,0,0
1734051040992,46,10 - Replies of a message,200,OK,Postgres 1-1,text,true,,1141,0,1,1,null,46,0,0
1734051041038,46,10 - Replies of a message,200,OK,Postgres 1-1,text,true,,1141,0,1,1,null,46,0,0
1734051041084,148,10 - Replies of a message,200,OK,Postgres 1-1,text,true,,1048,0,1,1,null,147,0,0
1734051041232,46,10 - Replies of a message,200,OK,Postgres 1-1,text,true,,1048,0,1,1,null,46,0,0
1734051041278,47,10 - Replies of a message,200,OK,Postgres 1-1,text,true,,1048,0,1,1,null,47,0,0
1734051041325,46,10 - Replies of a message,200,OK,Postgres 1-1,text,true,,1048,0,1,1,null,46,0,0
1734051041371,48,10 - Replies of a message,200,OK,Postgres 1-1,text,true,,315,0,1,1,null,48,0,0
1734051041419,47,10 - Replies of a message,200,OK,Postgres 1-1,text,true,,315,0,1,1,null,47,0,0
1734051041466,46,10 - Replies of a message,200,OK,Postgres 1-1,text,true,,315,0,1,1,null,46,0,0
1734051041512,46,10 - Replies of a message,200,OK,Postgres 1-1,text,true,,315,0,1,1,null,46,0,0
1734051041559,47,10 - Replies of a message,200,OK,Postgres 1-1,text,true,,574,0,1,1,null,46,0,0
1734051041606,46,10 - Replies of a message,200,OK,Postgres 1-1,text,true,,574,0,1,1,null,46,0,0
1734051041652,46,10 - Replies of a message,200,OK,Postgres 1-1,text,true,,574,0,1,1,null,46,0,0
1734051041698,46,10 - Replies of a message,200,OK,Postgres 1-1,text,true,,574,0,1,1,null,46,0,0
