timeStamp,elapsed,label,responseCode,responseMessage,threadName,dataType,success,failureMessage,bytes,sentBytes,grpThreads,allThreads,URL,Latency,IdleTime,Connect
1734051683325,169,1 - Transitive friends - step 3,200,OK,Postgres 1-1,text,true,,3174,0,1,1,null,163,0,0
1734051683505,134,1 - Transitive friends - step 3,200,OK,Postgres 1-1,text,true,,3174,0,1,1,null,132,0,1
1734051683639,127,1 - Transitive friends - step 3,200,OK,Postgres 1-1,text,true,,3174,0,1,1,null,126,0,0
1734051683767,128,1 - Transitive friends - step 3,200,OK,Postgres 1-1,text,true,,3174,0,1,1,null,127,0,0
1734051683896,10,1 - Transitive friends - step 3,200,OK,Postgres 1-1,text,true,,837,0,1,1,null,10,0,0
1734051683906,4,1 - Transitive friends - step 3,200,OK,Postgres 1-1,text,true,,837,0,1,1,null,4,0,0
1734051683910,5,1 - Transitive friends - step 3,200,OK,Postgres 1-1,text,true,,837,0,1,1,null,4,0,0
1734051683915,4,1 - Transitive friends - step 3,200,OK,Postgres 1-1,text,true,,837,0,1,1,null,4,0,0
1734051683919,14,1 - Transitive friends - step 3,200,OK,Postgres 1-1,text,true,,3212,0,1,1,null,13,0,0
1734051683933,14,1 - Transitive friends - step 3,200,OK,Postgres 1-1,text,true,,3212,0,1,1,null,12,0,0
1734051683947,13,1 - Transitive friends - step 3,200,OK,Postgres 1-1,text,true,,3212,0,1,1,null,12,0,0
1734051683960,13,1 - Transitive friends - step 3,200,OK,Postgres 1-1,text,true,,3212,0,1,1,null,12,0,0
1734051683973,36,1 - Transitive friends - step 3,200,OK,Postgres 1-1,text,true,,2262,0,1,1,null,36,0,0
1734051684010,36,1 - Transitive friends - step 3,200,OK,Postgres 1-1,text,true,,2262,0,1,1,null,36,0,0
1734051684046,36,1 - Transitive friends - step 3,200,OK,Postgres 1-1,text,true,,2262,0,1,1,null,36,0,0
1734051684082,36,1 - Transitive friends - step 3,200,OK,Postgres 1-1,text,true,,2262,0,1,1,null,36,0,0
1734051684119,2210,2 - Transitive friends - step 4,200,OK,Postgres 1-1,text,true,,3174,0,1,1,null,2209,0,0
1734051686329,2242,2 - Transitive friends - step 4,200,OK,Postgres 1-1,text,true,,3174,0,1,1,null,2241,0,0
1734051688571,2258,2 - Transitive friends - step 4,200,OK,Postgres 1-1,text,true,,3174,0,1,1,null,2258,0,0
1734051690831,2267,2 - Transitive friends - step 4,200,OK,Postgres 1-1,text,true,,3174,0,1,1,null,2267,0,0
1734051693099,28,2 - Transitive friends - step 4,200,OK,Postgres 1-1,text,true,,1273,0,1,1,null,28,0,0
1734051693127,13,2 - Transitive friends - step 4,200,OK,Postgres 1-1,text,true,,1273,0,1,1,null,13,0,0
1734051693141,10,2 - Transitive friends - step 4,200,OK,Postgres 1-1,text,true,,1273,0,1,1,null,9,0,0
1734051693151,10,2 - Transitive friends - step 4,200,OK,Postgres 1-1,text,true,,1273,0,1,1,null,10,0,0
1734051693161,103,2 - Transitive friends - step 4,200,OK,Postgres 1-1,text,true,,3212,0,1,1,null,102,0,0
1734051693264,107,2 - Transitive friends - step 4,200,OK,Postgres 1-1,text,true,,3212,0,1,1,null,107,0,0
1734051693372,104,2 - Transitive friends - step 4,200,OK,Postgres 1-1,text,true,,3212,0,1,1,null,104,0,0
1734051693476,104,2 - Transitive friends - step 4,200,OK,Postgres 1-1,text,true,,3212,0,1,1,null,104,0,0
1734051693580,560,2 - Transitive friends - step 4,200,OK,Postgres 1-1,text,true,,2262,0,1,1,null,560,0,0
1734051694140,567,2 - Transitive friends - step 4,200,OK,Postgres 1-1,text,true,,2262,0,1,1,null,567,0,0
1734051694707,568,2 - Transitive friends - step 4,200,OK,Postgres 1-1,text,true,,2262,0,1,1,null,567,0,0
1734051695275,570,2 - Transitive friends - step 4,200,OK,Postgres 1-1,text,true,,2262,0,1,1,null,570,0,0
1734051695846,30205,3 - Transitive friends - step 5,200,OK,Postgres 1-1,text,true,,3174,0,1,1,null,30205,0,0
1734051726053,30683,3 - Transitive friends - step 5,200,OK,Postgres 1-1,text,true,,3174,0,1,1,null,30683,0,0
1734051756736,32087,3 - Transitive friends - step 5,200,OK,Postgres 1-1,text,true,,3174,0,1,1,null,32087,0,0
1734051788823,30811,3 - Transitive friends - step 5,200,OK,Postgres 1-1,text,true,,3174,0,1,1,null,30810,0,0
1734051819634,220,3 - Transitive friends - step 5,200,OK,Postgres 1-1,text,true,,1617,0,1,1,null,219,0,0
1734051819854,39,3 - Transitive friends - step 5,200,OK,Postgres 1-1,text,true,,1617,0,1,1,null,39,0,0
1734051819894,39,3 - Transitive friends - step 5,200,OK,Postgres 1-1,text,true,,1617,0,1,1,null,39,0,0
1734051819933,40,3 - Transitive friends - step 5,200,OK,Postgres 1-1,text,true,,1617,0,1,1,null,40,0,0
1734051819973,1184,3 - Transitive friends - step 5,200,OK,Postgres 1-1,text,true,,3212,0,1,1,null,1184,0,0
1734051821157,1175,3 - Transitive friends - step 5,200,OK,Postgres 1-1,text,true,,3212,0,1,1,null,1175,0,0
1734051822333,1169,3 - Transitive friends - step 5,200,OK,Postgres 1-1,text,true,,3212,0,1,1,null,1168,0,0
1734051823503,1665,3 - Transitive friends - step 5,200,OK,Postgres 1-1,text,true,,3212,0,1,1,null,1665,0,0
1734051825168,8658,3 - Transitive friends - step 5,200,OK,Postgres 1-1,text,true,,2262,0,1,1,null,8658,0,0
1734051833827,8786,3 - Transitive friends - step 5,200,OK,Postgres 1-1,text,true,,2262,0,1,1,null,8786,0,0
1734051842615,8751,3 - Transitive friends - step 5,200,OK,Postgres 1-1,text,true,,2262,0,1,1,null,8751,0,0
1734051851366,8835,3 - Transitive friends - step 5,200,OK,Postgres 1-1,text,true,,2262,0,1,1,null,8835,0,0
1734051860203,225,4 - Friends and fof that have been to countries,200,OK,Postgres 1-1,text,true,,85,0,1,1,null,225,0,0
1734051860428,145,4 - Friends and fof that have been to countries,200,OK,Postgres 1-1,text,true,,85,0,1,1,null,145,0,0
1734051860573,140,4 - Friends and fof that have been to countries,200,OK,Postgres 1-1,text,true,,85,0,1,1,null,140,0,0
1734051860714,139,4 - Friends and fof that have been to countries,200,OK,Postgres 1-1,text,true,,85,0,1,1,null,139,0,0
1734051860853,175,4 - Friends and fof that have been to countries,200,OK,Postgres 1-1,text,true,,231,0,1,1,null,175,0,0
1734051861028,171,4 - Friends and fof that have been to countries,200,OK,Postgres 1-1,text,true,,231,0,1,1,null,170,0,0
1734051861199,166,4 - Friends and fof that have been to countries,200,OK,Postgres 1-1,text,true,,231,0,1,1,null,166,0,0
1734051861365,241,4 - Friends and fof that have been to countries,200,OK,Postgres 1-1,text,true,,231,0,1,1,null,240,0,0
1734051861606,235,4 - Friends and fof that have been to countries,200,OK,Postgres 1-1,text,true,,188,0,1,1,null,235,0,0
1734051861842,142,4 - Friends and fof that have been to countries,200,OK,Postgres 1-1,text,true,,188,0,1,1,null,141,0,0
1734051861984,144,4 - Friends and fof that have been to countries,200,OK,Postgres 1-1,text,true,,188,0,1,1,null,144,0,0
1734051862128,146,4 - Friends and fof that have been to countries,200,OK,Postgres 1-1,text,true,,188,0,1,1,null,146,0,0
1734051862274,310,4 - Friends and fof that have been to countries,200,OK,Postgres 1-1,text,true,,155,0,1,1,null,310,0,0
1734051862584,148,4 - Friends and fof that have been to countries,200,OK,Postgres 1-1,text,true,,155,0,1,1,null,148,0,0
1734051862732,227,4 - Friends and fof that have been to countries,200,OK,Postgres 1-1,text,true,,155,0,1,1,null,226,0,0
1734051862959,151,4 - Friends and fof that have been to countries,200,OK,Postgres 1-1,text,true,,155,0,1,1,null,151,0,0
1734051863110,44,5 - Shortest path,200,OK,Postgres 1-1,text,true,,37,0,1,1,null,44,0,0
1734051863154,34,5 - Shortest path,200,OK,Postgres 1-1,text,true,,37,0,1,1,null,34,0,0
1734051863188,34,5 - Shortest path,200,OK,Postgres 1-1,text,true,,37,0,1,1,null,34,0,0
1734051863222,33,5 - Shortest path,200,OK,Postgres 1-1,text,true,,37,0,1,1,null,33,0,0
1734051863255,34,5 - Shortest path,200,OK,Postgres 1-1,text,true,,57,0,1,1,null,34,0,0
1734051863289,34,5 - Shortest path,200,OK,Postgres 1-1,text,true,,57,0,1,1,null,34,0,0
1734051863324,33,5 - Shortest path,200,OK,Postgres 1-1,text,true,,57,0,1,1,null,33,0,0
1734051863357,35,5 - Shortest path,200,OK,Postgres 1-1,text,true,,57,0,1,1,null,35,0,0
1734051863392,35,5 - Shortest path,200,OK,Postgres 1-1,text,true,,48,0,1,1,null,35,0,0
1734051863427,35,5 - Shortest path,200,OK,Postgres 1-1,text,true,,48,0,1,1,null,35,0,0
1734051863462,34,5 - Shortest path,200,OK,Postgres 1-1,text,true,,48,0,1,1,null,34,0,0
1734051863496,35,5 - Shortest path,200,OK,Postgres 1-1,text,true,,48,0,1,1,null,35,0,0
1734051863531,34,5 - Shortest path,200,OK,Postgres 1-1,text,true,,71,0,1,1,null,34,0,0
1734051863565,34,5 - Shortest path,200,OK,Postgres 1-1,text,true,,71,0,1,1,null,34,0,0
1734051863599,34,5 - Shortest path,200,OK,Postgres 1-1,text,true,,71,0,1,1,null,34,0,0
1734051863633,34,5 - Shortest path,200,OK,Postgres 1-1,text,true,,71,0,1,1,null,34,0,0
1734051863668,37,6 - k Shortest paths,200,OK,Postgres 1-1,text,true,,133,0,1,1,null,37,0,0
1734051863705,37,6 - k Shortest paths,200,OK,Postgres 1-1,text,true,,133,0,1,1,null,37,0,0
1734051863742,36,6 - k Shortest paths,200,OK,Postgres 1-1,text,true,,133,0,1,1,null,36,0,0
1734051863778,36,6 - k Shortest paths,200,OK,Postgres 1-1,text,true,,133,0,1,1,null,36,0,0
1734051863814,36,6 - k Shortest paths,200,OK,Postgres 1-1,text,true,,162,0,1,1,null,36,0,0
1734051863850,36,6 - k Shortest paths,200,OK,Postgres 1-1,text,true,,162,0,1,1,null,36,0,0
1734051863886,38,6 - k Shortest paths,200,OK,Postgres 1-1,text,true,,162,0,1,1,null,38,0,0
1734051863924,36,6 - k Shortest paths,200,OK,Postgres 1-1,text,true,,162,0,1,1,null,36,0,0
1734051863960,38,6 - k Shortest paths,200,OK,Postgres 1-1,text,true,,138,0,1,1,null,38,0,0
1734051863998,38,6 - k Shortest paths,200,OK,Postgres 1-1,text,true,,138,0,1,1,null,38,0,0
1734051864036,37,6 - k Shortest paths,200,OK,Postgres 1-1,text,true,,138,0,1,1,null,37,0,0
1734051864073,39,6 - k Shortest paths,200,OK,Postgres 1-1,text,true,,138,0,1,1,null,39,0,0
1734051864112,38,6 - k Shortest paths,200,OK,Postgres 1-1,text,true,,205,0,1,1,null,38,0,0
1734051864150,38,6 - k Shortest paths,200,OK,Postgres 1-1,text,true,,205,0,1,1,null,38,0,0
1734051864189,37,6 - k Shortest paths,200,OK,Postgres 1-1,text,true,,205,0,1,1,null,37,0,0
1734051864227,37,6 - k Shortest paths,200,OK,Postgres 1-1,text,true,,205,0,1,1,null,37,0,0
1734051864264,4,7 - Forum of a message,200,OK,Postgres 1-1,text,true,,115,0,1,1,null,4,0,0
1734051864268,1,7 - Forum of a message,200,OK,Postgres 1-1,text,true,,115,0,1,1,null,0,0,0
1734051864269,0,7 - Forum of a message,200,OK,Postgres 1-1,text,true,,115,0,1,1,null,0,0,0
1734051864269,1,7 - Forum of a message,200,OK,Postgres 1-1,text,true,,115,0,1,1,null,1,0,0
1734051864270,1,7 - Forum of a message,200,OK,Postgres 1-1,text,true,,115,0,1,1,null,1,0,0
1734051864271,1,7 - Forum of a message,200,OK,Postgres 1-1,text,true,,115,0,1,1,null,1,0,0
1734051864272,1,7 - Forum of a message,200,OK,Postgres 1-1,text,true,,115,0,1,1,null,0,0,0
1734051864273,0,7 - Forum of a message,200,OK,Postgres 1-1,text,true,,115,0,1,1,null,0,0,0
1734051864273,1,7 - Forum of a message,200,OK,Postgres 1-1,text,true,,118,0,1,1,null,1,0,0
1734051864274,0,7 - Forum of a message,200,OK,Postgres 1-1,text,true,,118,0,1,1,null,0,0,0
1734051864274,1,7 - Forum of a message,200,OK,Postgres 1-1,text,true,,118,0,1,1,null,1,0,0
1734051864275,0,7 - Forum of a message,200,OK,Postgres 1-1,text,true,,118,0,1,1,null,0,0,0
1734051864275,1,7 - Forum of a message,200,OK,Postgres 1-1,text,true,,118,0,1,1,null,0,0,0
1734051864276,0,7 - Forum of a message,200,OK,Postgres 1-1,text,true,,118,0,1,1,null,0,0,0
1734051864276,0,7 - Forum of a message,200,OK,Postgres 1-1,text,true,,118,0,1,1,null,0,0,0
1734051864276,1,7 - Forum of a message,200,OK,Postgres 1-1,text,true,,118,0,1,1,null,1,0,0
1734051864277,83,8 - Recent messages by your friends,200,OK,Postgres 1-1,text,true,,1885,0,1,1,null,83,0,0
1734051864360,85,8 - Recent messages by your friends,200,OK,Postgres 1-1,text,true,,1885,0,1,1,null,85,0,0
1734051864445,160,8 - Recent messages by your friends,200,OK,Postgres 1-1,text,true,,1885,0,1,1,null,159,0,0
1734051864605,83,8 - Recent messages by your friends,200,OK,Postgres 1-1,text,true,,1885,0,1,1,null,82,0,0
1734051864688,149,8 - Recent messages by your friends,200,OK,Postgres 1-1,text,true,,3365,0,1,1,null,149,0,0
1734051864837,65,8 - Recent messages by your friends,200,OK,Postgres 1-1,text,true,,3365,0,1,1,null,65,0,0
1734051864902,69,8 - Recent messages by your friends,200,OK,Postgres 1-1,text,true,,3365,0,1,1,null,69,0,0
1734051864971,67,8 - Recent messages by your friends,200,OK,Postgres 1-1,text,true,,3365,0,1,1,null,67,0,0
1734051865039,71,8 - Recent messages by your friends,200,OK,Postgres 1-1,text,true,,2712,0,1,1,null,70,0,0
1734051865110,70,8 - Recent messages by your friends,200,OK,Postgres 1-1,text,true,,2712,0,1,1,null,70,0,0
1734051865180,69,8 - Recent messages by your friends,200,OK,Postgres 1-1,text,true,,2712,0,1,1,null,69,0,0
1734051865249,74,8 - Recent messages by your friends,200,OK,Postgres 1-1,text,true,,2712,0,1,1,null,74,0,0
1734051865323,88,8 - Recent messages by your friends,200,OK,Postgres 1-1,text,true,,2322,0,1,1,null,88,0,0
1734051865411,160,8 - Recent messages by your friends,200,OK,Postgres 1-1,text,true,,2322,0,1,1,null,160,0,0
1734051865571,86,8 - Recent messages by your friends,200,OK,Postgres 1-1,text,true,,2322,0,1,1,null,85,0,0
1734051865658,84,8 - Recent messages by your friends,200,OK,Postgres 1-1,text,true,,2322,0,1,1,null,84,0,0
1734051865743,311,9 - Friend recommendation,200,OK,Postgres 1-1,text,true,,540,0,1,1,null,311,0,0
1734051866055,266,9 - Friend recommendation,200,OK,Postgres 1-1,text,true,,540,0,1,1,null,266,0,0
1734051866321,263,9 - Friend recommendation,200,OK,Postgres 1-1,text,true,,540,0,1,1,null,263,0,0
1734051866584,266,9 - Friend recommendation,200,OK,Postgres 1-1,text,true,,540,0,1,1,null,265,0,0
1734051866850,3443,9 - Friend recommendation,200,OK,Postgres 1-1,text,true,,520,0,1,1,null,3443,0,0
1734051870295,3455,9 - Friend recommendation,200,OK,Postgres 1-1,text,true,,520,0,1,1,null,3455,0,0
1734051873750,3473,9 - Friend recommendation,200,OK,Postgres 1-1,text,true,,520,0,1,1,null,3473,0,0
1734051877223,3445,9 - Friend recommendation,200,OK,Postgres 1-1,text,true,,520,0,1,1,null,3445,0,0
1734051880668,1971,9 - Friend recommendation,200,OK,Postgres 1-1,text,true,,520,0,1,1,null,1970,0,0
1734051882639,1954,9 - Friend recommendation,200,OK,Postgres 1-1,text,true,,520,0,1,1,null,1954,0,0
1734051884593,1953,9 - Friend recommendation,200,OK,Postgres 1-1,text,true,,520,0,1,1,null,1953,0,0
1734051886546,1996,9 - Friend recommendation,200,OK,Postgres 1-1,text,true,,520,0,1,1,null,1996,0,0
1734051888542,3425,9 - Friend recommendation,200,OK,Postgres 1-1,text,true,,515,0,1,1,null,3425,0,0
1734051891968,3460,9 - Friend recommendation,200,OK,Postgres 1-1,text,true,,515,0,1,1,null,3460,0,0
1734051895427,3549,9 - Friend recommendation,200,OK,Postgres 1-1,text,true,,515,0,1,1,null,3549,0,0
1734051898977,3444,9 - Friend recommendation,200,OK,Postgres 1-1,text,true,,515,0,1,1,null,3444,0,0
1734051902423,49,10 - Replies of a message,200,OK,Postgres 1-1,text,true,,1141,0,1,1,null,49,0,0
1734051902473,46,10 - Replies of a message,200,OK,Postgres 1-1,text,true,,1141,0,1,1,null,46,0,0
1734051902519,46,10 - Replies of a message,200,OK,Postgres 1-1,text,true,,1141,0,1,1,null,46,0,0
1734051902565,47,10 - Replies of a message,200,OK,Postgres 1-1,text,true,,1141,0,1,1,null,47,0,0
1734051902612,46,10 - Replies of a message,200,OK,Postgres 1-1,text,true,,1048,0,1,1,null,46,0,0
1734051902659,45,10 - Replies of a message,200,OK,Postgres 1-1,text,true,,1048,0,1,1,null,45,0,0
1734051902705,45,10 - Replies of a message,200,OK,Postgres 1-1,text,true,,1048,0,1,1,null,45,0,0
1734051902750,47,10 - Replies of a message,200,OK,Postgres 1-1,text,true,,1048,0,1,1,null,47,0,0
1734051902797,46,10 - Replies of a message,200,OK,Postgres 1-1,text,true,,315,0,1,1,null,46,0,0
1734051902843,46,10 - Replies of a message,200,OK,Postgres 1-1,text,true,,315,0,1,1,null,46,0,0
1734051902890,46,10 - Replies of a message,200,OK,Postgres 1-1,text,true,,315,0,1,1,null,45,0,0
1734051902936,46,10 - Replies of a message,200,OK,Postgres 1-1,text,true,,315,0,1,1,null,46,0,0
1734051902982,47,10 - Replies of a message,200,OK,Postgres 1-1,text,true,,574,0,1,1,null,46,0,0
1734051903029,46,10 - Replies of a message,200,OK,Postgres 1-1,text,true,,574,0,1,1,null,46,0,0
1734051903075,46,10 - Replies of a message,200,OK,Postgres 1-1,text,true,,574,0,1,1,null,46,0,0
1734051903121,45,10 - Replies of a message,200,OK,Postgres 1-1,text,true,,574,0,1,1,null,45,0,0
