timeStamp,elapsed,label,responseCode,responseMessage,threadName,dataType,success,failureMessage,bytes,sentBytes,grpThreads,allThreads,URL,Latency,IdleTime,Connect
1734052551530,163,1 - Transitive friends - step 3,200,OK,Postgres 1-1,text,true,,3174,0,1,1,null,159,0,0
1734052551694,130,1 - Transitive friends - step 3,200,OK,Postgres 1-1,text,true,,3174,0,1,1,null,128,0,0
1734052551824,129,1 - Transitive friends - step 3,200,OK,Postgres 1-1,text,true,,3174,0,1,1,null,128,0,0
1734052551954,126,1 - Transitive friends - step 3,200,OK,Postgres 1-1,text,true,,3174,0,1,1,null,124,0,0
1734052552080,10,1 - Transitive friends - step 3,200,OK,Postgres 1-1,text,true,,837,0,1,1,null,10,0,0
1734052552091,4,1 - Transitive friends - step 3,200,OK,Postgres 1-1,text,true,,837,0,1,1,null,4,0,0
1734052552095,4,1 - Transitive friends - step 3,200,OK,Postgres 1-1,text,true,,837,0,1,1,null,4,0,0
1734052552100,4,1 - Transitive friends - step 3,200,OK,Postgres 1-1,text,true,,837,0,1,1,null,3,0,0
1734052552104,14,1 - Transitive friends - step 3,200,OK,Postgres 1-1,text,true,,3212,0,1,1,null,13,0,0
1734052552118,14,1 - Transitive friends - step 3,200,OK,Postgres 1-1,text,true,,3212,0,1,1,null,13,0,0
1734052552132,13,1 - Transitive friends - step 3,200,OK,Postgres 1-1,text,true,,3212,0,1,1,null,12,0,0
1734052552145,14,1 - Transitive friends - step 3,200,OK,Postgres 1-1,text,true,,3212,0,1,1,null,13,0,0
1734052552159,35,1 - Transitive friends - step 3,200,OK,Postgres 1-1,text,true,,2262,0,1,1,null,35,0,0
1734052552195,36,1 - Transitive friends - step 3,200,OK,Postgres 1-1,text,true,,2262,0,1,1,null,35,0,0
1734052552231,36,1 - Transitive friends - step 3,200,OK,Postgres 1-1,text,true,,2262,0,1,1,null,35,0,0
1734052552267,36,1 - Transitive friends - step 3,200,OK,Postgres 1-1,text,true,,2262,0,1,1,null,35,0,0
1734052552303,2205,2 - Transitive friends - step 4,200,OK,Postgres 1-1,text,true,,3174,0,1,1,null,2204,0,0
1734052554508,2252,2 - Transitive friends - step 4,200,OK,Postgres 1-1,text,true,,3174,0,1,1,null,2251,0,0
1734052556759,2286,2 - Transitive friends - step 4,200,OK,Postgres 1-1,text,true,,3174,0,1,1,null,2286,0,0
1734052559046,2260,2 - Transitive friends - step 4,200,OK,Postgres 1-1,text,true,,3174,0,1,1,null,2260,0,0
1734052561308,39,2 - Transitive friends - step 4,200,OK,Postgres 1-1,text,true,,1273,0,1,1,null,38,0,0
1734052561347,10,2 - Transitive friends - step 4,200,OK,Postgres 1-1,text,true,,1273,0,1,1,null,10,0,0
1734052561357,11,2 - Transitive friends - step 4,200,OK,Postgres 1-1,text,true,,1273,0,1,1,null,10,0,0
1734052561368,10,2 - Transitive friends - step 4,200,OK,Postgres 1-1,text,true,,1273,0,1,1,null,10,0,0
1734052561378,102,2 - Transitive friends - step 4,200,OK,Postgres 1-1,text,true,,3212,0,1,1,null,101,0,0
1734052561480,106,2 - Transitive friends - step 4,200,OK,Postgres 1-1,text,true,,3212,0,1,1,null,106,0,0
1734052561587,105,2 - Transitive friends - step 4,200,OK,Postgres 1-1,text,true,,3212,0,1,1,null,104,0,0
1734052561692,105,2 - Transitive friends - step 4,200,OK,Postgres 1-1,text,true,,3212,0,1,1,null,104,0,0
1734052561797,514,2 - Transitive friends - step 4,200,OK,Postgres 1-1,text,true,,2262,0,1,1,null,513,0,0
1734052562311,532,2 - Transitive friends - step 4,200,OK,Postgres 1-1,text,true,,2262,0,1,1,null,531,0,0
1734052562843,529,2 - Transitive friends - step 4,200,OK,Postgres 1-1,text,true,,2262,0,1,1,null,529,0,0
1734052563372,529,2 - Transitive friends - step 4,200,OK,Postgres 1-1,text,true,,2262,0,1,1,null,529,0,0
1734052563902,30212,3 - Transitive friends - step 5,200,OK,Postgres 1-1,text,true,,3174,0,1,1,null,30211,0,0
1734052594114,30864,3 - Transitive friends - step 5,200,OK,Postgres 1-1,text,true,,3174,0,1,1,null,30863,0,0
1734052624979,30857,3 - Transitive friends - step 5,200,OK,Postgres 1-1,text,true,,3174,0,1,1,null,30857,0,0
1734052655839,32157,3 - Transitive friends - step 5,200,OK,Postgres 1-1,text,true,,3174,0,1,1,null,32157,0,0
1734052687995,210,3 - Transitive friends - step 5,200,OK,Postgres 1-1,text,true,,1617,0,1,1,null,210,0,0
1734052688206,40,3 - Transitive friends - step 5,200,OK,Postgres 1-1,text,true,,1617,0,1,1,null,40,0,0
1734052688246,40,3 - Transitive friends - step 5,200,OK,Postgres 1-1,text,true,,1617,0,1,1,null,39,0,0
1734052688286,43,3 - Transitive friends - step 5,200,OK,Postgres 1-1,text,true,,1617,0,1,1,null,43,0,0
1734052688329,949,3 - Transitive friends - step 5,200,OK,Postgres 1-1,text,true,,3212,0,1,1,null,949,0,0
1734052689278,985,3 - Transitive friends - step 5,200,OK,Postgres 1-1,text,true,,3212,0,1,1,null,984,0,0
1734052690263,978,3 - Transitive friends - step 5,200,OK,Postgres 1-1,text,true,,3212,0,1,1,null,977,0,0
1734052691241,969,3 - Transitive friends - step 5,200,OK,Postgres 1-1,text,true,,3212,0,1,1,null,969,0,0
1734052692210,8667,3 - Transitive friends - step 5,200,OK,Postgres 1-1,text,true,,2262,0,1,1,null,8667,0,0
1734052700878,8765,3 - Transitive friends - step 5,200,OK,Postgres 1-1,text,true,,2262,0,1,1,null,8765,0,0
1734052709643,8884,3 - Transitive friends - step 5,200,OK,Postgres 1-1,text,true,,2262,0,1,1,null,8883,0,0
1734052718528,8791,3 - Transitive friends - step 5,200,OK,Postgres 1-1,text,true,,2262,0,1,1,null,8790,0,0
1734052727318,322,4 - Friends and fof that have been to countries,200,OK,Postgres 1-1,text,true,,85,0,1,1,null,321,0,0
1734052727640,145,4 - Friends and fof that have been to countries,200,OK,Postgres 1-1,text,true,,85,0,1,1,null,145,0,0
1734052727785,145,4 - Friends and fof that have been to countries,200,OK,Postgres 1-1,text,true,,85,0,1,1,null,145,0,1
1734052727931,141,4 - Friends and fof that have been to countries,200,OK,Postgres 1-1,text,true,,85,0,1,1,null,141,0,0
1734052728072,168,4 - Friends and fof that have been to countries,200,OK,Postgres 1-1,text,true,,231,0,1,1,null,168,0,0
1734052728240,167,4 - Friends and fof that have been to countries,200,OK,Postgres 1-1,text,true,,231,0,1,1,null,167,0,0
1734052728407,235,4 - Friends and fof that have been to countries,200,OK,Postgres 1-1,text,true,,231,0,1,1,null,235,0,0
1734052728642,169,4 - Friends and fof that have been to countries,200,OK,Postgres 1-1,text,true,,231,0,1,1,null,169,0,0
1734052728811,218,4 - Friends and fof that have been to countries,200,OK,Postgres 1-1,text,true,,188,0,1,1,null,218,0,0
1734052729030,143,4 - Friends and fof that have been to countries,200,OK,Postgres 1-1,text,true,,188,0,1,1,null,143,0,0
1734052729173,142,4 - Friends and fof that have been to countries,200,OK,Postgres 1-1,text,true,,188,0,1,1,null,141,0,0
1734052729315,235,4 - Friends and fof that have been to countries,200,OK,Postgres 1-1,text,true,,188,0,1,1,null,235,0,0
1734052729550,224,4 - Friends and fof that have been to countries,200,OK,Postgres 1-1,text,true,,155,0,1,1,null,223,0,0
1734052729774,157,4 - Friends and fof that have been to countries,200,OK,Postgres 1-1,text,true,,155,0,1,1,null,157,0,0
1734052729931,150,4 - Friends and fof that have been to countries,200,OK,Postgres 1-1,text,true,,155,0,1,1,null,150,0,0
1734052730082,149,4 - Friends and fof that have been to countries,200,OK,Postgres 1-1,text,true,,155,0,1,1,null,149,0,0
1734052730231,44,5 - Shortest path,200,OK,Postgres 1-1,text,true,,37,0,1,1,null,44,0,0
1734052730275,34,5 - Shortest path,200,OK,Postgres 1-1,text,true,,37,0,1,1,null,33,0,0
1734052730309,34,5 - Shortest path,200,OK,Postgres 1-1,text,true,,37,0,1,1,null,34,0,0
1734052730343,34,5 - Shortest path,200,OK,Postgres 1-1,text,true,,37,0,1,1,null,33,0,0
1734052730377,33,5 - Shortest path,200,OK,Postgres 1-1,text,true,,57,0,1,1,null,33,0,0
1734052730410,34,5 - Shortest path,200,OK,Postgres 1-1,text,true,,57,0,1,1,null,34,0,0
1734052730444,34,5 - Shortest path,200,OK,Postgres 1-1,text,true,,57,0,1,1,null,34,0,0
1734052730478,34,5 - Shortest path,200,OK,Postgres 1-1,text,true,,57,0,1,1,null,34,0,1
1734052730512,35,5 - Shortest path,200,OK,Postgres 1-1,text,true,,48,0,1,1,null,35,0,0
1734052730548,34,5 - Shortest path,200,OK,Postgres 1-1,text,true,,48,0,1,1,null,33,0,0
1734052730582,33,5 - Shortest path,200,OK,Postgres 1-1,text,true,,48,0,1,1,null,33,0,0
1734052730615,35,5 - Shortest path,200,OK,Postgres 1-1,text,true,,48,0,1,1,null,35,0,0
1734052730650,34,5 - Shortest path,200,OK,Postgres 1-1,text,true,,71,0,1,1,null,34,0,0
1734052730684,33,5 - Shortest path,200,OK,Postgres 1-1,text,true,,71,0,1,1,null,33,0,0
1734052730717,34,5 - Shortest path,200,OK,Postgres 1-1,text,true,,71,0,1,1,null,34,0,0
1734052730751,34,5 - Shortest path,200,OK,Postgres 1-1,text,true,,71,0,1,1,null,34,0,0
1734052730786,36,6 - k Shortest paths,200,OK,Postgres 1-1,text,true,,133,0,1,1,null,36,0,0
1734052730822,37,6 - k Shortest paths,200,OK,Postgres 1-1,text,true,,133,0,1,1,null,37,0,0
1734052730859,36,6 - k Shortest paths,200,OK,Postgres 1-1,text,true,,133,0,1,1,null,36,0,0
1734052730895,37,6 - k Shortest paths,200,OK,Postgres 1-1,text,true,,133,0,1,1,null,37,0,0
1734052730932,37,6 - k Shortest paths,200,OK,Postgres 1-1,text,true,,162,0,1,1,null,37,0,0
1734052730969,36,6 - k Shortest paths,200,OK,Postgres 1-1,text,true,,162,0,1,1,null,36,0,0
1734052731005,35,6 - k Shortest paths,200,OK,Postgres 1-1,text,true,,162,0,1,1,null,35,0,0
1734052731041,35,6 - k Shortest paths,200,OK,Postgres 1-1,text,true,,162,0,1,1,null,35,0,0
1734052731076,38,6 - k Shortest paths,200,OK,Postgres 1-1,text,true,,138,0,1,1,null,38,0,0
1734052731114,38,6 - k Shortest paths,200,OK,Postgres 1-1,text,true,,138,0,1,1,null,38,0,0
1734052731153,37,6 - k Shortest paths,200,OK,Postgres 1-1,text,true,,138,0,1,1,null,37,0,0
1734052731190,38,6 - k Shortest paths,200,OK,Postgres 1-1,text,true,,138,0,1,1,null,38,0,0
1734052731228,38,6 - k Shortest paths,200,OK,Postgres 1-1,text,true,,205,0,1,1,null,38,0,0
1734052731267,38,6 - k Shortest paths,200,OK,Postgres 1-1,text,true,,205,0,1,1,null,38,0,0
1734052731305,37,6 - k Shortest paths,200,OK,Postgres 1-1,text,true,,205,0,1,1,null,37,0,0
1734052731342,37,6 - k Shortest paths,200,OK,Postgres 1-1,text,true,,205,0,1,1,null,37,0,0
1734052731380,4,7 - Forum of a message,200,OK,Postgres 1-1,text,true,,115,0,1,1,null,4,0,0
1734052731384,0,7 - Forum of a message,200,OK,Postgres 1-1,text,true,,115,0,1,1,null,0,0,0
1734052731384,1,7 - Forum of a message,200,OK,Postgres 1-1,text,true,,115,0,1,1,null,1,0,0
1734052731385,0,7 - Forum of a message,200,OK,Postgres 1-1,text,true,,115,0,1,1,null,0,0,0
1734052731385,2,7 - Forum of a message,200,OK,Postgres 1-1,text,true,,115,0,1,1,null,2,0,0
1734052731387,1,7 - Forum of a message,200,OK,Postgres 1-1,text,true,,115,0,1,1,null,1,0,0
1734052731388,0,7 - Forum of a message,200,OK,Postgres 1-1,text,true,,115,0,1,1,null,0,0,0
1734052731388,1,7 - Forum of a message,200,OK,Postgres 1-1,text,true,,115,0,1,1,null,1,0,0
1734052731389,0,7 - Forum of a message,200,OK,Postgres 1-1,text,true,,118,0,1,1,null,0,0,0
1734052731390,0,7 - Forum of a message,200,OK,Postgres 1-1,text,true,,118,0,1,1,null,0,0,0
1734052731390,0,7 - Forum of a message,200,OK,Postgres 1-1,text,true,,118,0,1,1,null,0,0,0
1734052731391,0,7 - Forum of a message,200,OK,Postgres 1-1,text,true,,118,0,1,1,null,0,0,0
1734052731391,0,7 - Forum of a message,200,OK,Postgres 1-1,text,true,,118,0,1,1,null,0,0,0
1734052731391,1,7 - Forum of a message,200,OK,Postgres 1-1,text,true,,118,0,1,1,null,1,0,0
1734052731392,0,7 - Forum of a message,200,OK,Postgres 1-1,text,true,,118,0,1,1,null,0,0,0
1734052731392,1,7 - Forum of a message,200,OK,Postgres 1-1,text,true,,118,0,1,1,null,1,0,0
1734052731393,85,8 - Recent messages by your friends,200,OK,Postgres 1-1,text,true,,1885,0,1,1,null,85,0,0
1734052731479,146,8 - Recent messages by your friends,200,OK,Postgres 1-1,text,true,,1885,0,1,1,null,146,0,0
1734052731625,156,8 - Recent messages by your friends,200,OK,Postgres 1-1,text,true,,1885,0,1,1,null,156,0,0
1734052731783,84,8 - Recent messages by your friends,200,OK,Postgres 1-1,text,true,,1885,0,1,1,null,84,0,0
1734052731867,68,8 - Recent messages by your friends,200,OK,Postgres 1-1,text,true,,3365,0,1,1,null,68,0,0
1734052731935,67,8 - Recent messages by your friends,200,OK,Postgres 1-1,text,true,,3365,0,1,1,null,66,0,0
1734052732002,155,8 - Recent messages by your friends,200,OK,Postgres 1-1,text,true,,3365,0,1,1,null,155,0,0
1734052732157,66,8 - Recent messages by your friends,200,OK,Postgres 1-1,text,true,,3365,0,1,1,null,66,0,0
1734052732223,72,8 - Recent messages by your friends,200,OK,Postgres 1-1,text,true,,2712,0,1,1,null,72,0,0
1734052732296,73,8 - Recent messages by your friends,200,OK,Postgres 1-1,text,true,,2712,0,1,1,null,73,0,0
1734052732370,71,8 - Recent messages by your friends,200,OK,Postgres 1-1,text,true,,2712,0,1,1,null,71,0,0
1734052732441,153,8 - Recent messages by your friends,200,OK,Postgres 1-1,text,true,,2712,0,1,1,null,153,0,0
1734052732594,85,8 - Recent messages by your friends,200,OK,Postgres 1-1,text,true,,2322,0,1,1,null,85,0,0
1734052732679,85,8 - Recent messages by your friends,200,OK,Postgres 1-1,text,true,,2322,0,1,1,null,85,0,0
1734052732764,84,8 - Recent messages by your friends,200,OK,Postgres 1-1,text,true,,2322,0,1,1,null,83,0,0
1734052732849,152,8 - Recent messages by your friends,200,OK,Postgres 1-1,text,true,,2322,0,1,1,null,152,0,0
1734052733002,311,9 - Friend recommendation,200,OK,Postgres 1-1,text,true,,540,0,1,1,null,311,0,0
1734052733313,258,9 - Friend recommendation,200,OK,Postgres 1-1,text,true,,540,0,1,1,null,258,0,0
1734052733571,258,9 - Friend recommendation,200,OK,Postgres 1-1,text,true,,540,0,1,1,null,258,0,0
1734052733829,270,9 - Friend recommendation,200,OK,Postgres 1-1,text,true,,540,0,1,1,null,270,0,0
1734052734099,3498,9 - Friend recommendation,200,OK,Postgres 1-1,text,true,,520,0,1,1,null,3498,0,0
1734052737597,3448,9 - Friend recommendation,200,OK,Postgres 1-1,text,true,,520,0,1,1,null,3448,0,0
1734052741046,3460,9 - Friend recommendation,200,OK,Postgres 1-1,text,true,,520,0,1,1,null,3460,0,0
1734052744506,3414,9 - Friend recommendation,200,OK,Postgres 1-1,text,true,,520,0,1,1,null,3414,0,0
1734052747921,1951,9 - Friend recommendation,200,OK,Postgres 1-1,text,true,,520,0,1,1,null,1951,0,0
1734052749872,1954,9 - Friend recommendation,200,OK,Postgres 1-1,text,true,,520,0,1,1,null,1953,0,0
1734052751826,1947,9 - Friend recommendation,200,OK,Postgres 1-1,text,true,,520,0,1,1,null,1947,0,0
1734052753773,1951,9 - Friend recommendation,200,OK,Postgres 1-1,text,true,,520,0,1,1,null,1950,0,0
1734052755724,3415,9 - Friend recommendation,200,OK,Postgres 1-1,text,true,,515,0,1,1,null,3415,0,0
1734052759138,3477,9 - Friend recommendation,200,OK,Postgres 1-1,text,true,,515,0,1,1,null,3477,0,0
1734052762615,3453,9 - Friend recommendation,200,OK,Postgres 1-1,text,true,,515,0,1,1,null,3453,0,0
1734052766068,3464,9 - Friend recommendation,200,OK,Postgres 1-1,text,true,,515,0,1,1,null,3464,0,0
1734052769532,49,10 - Replies of a message,200,OK,Postgres 1-1,text,true,,1141,0,1,1,null,49,0,0
1734052769581,47,10 - Replies of a message,200,OK,Postgres 1-1,text,true,,1141,0,1,1,null,47,0,1
1734052769628,47,10 - Replies of a message,200,OK,Postgres 1-1,text,true,,1141,0,1,1,null,47,0,0
1734052769675,46,10 - Replies of a message,200,OK,Postgres 1-1,text,true,,1141,0,1,1,null,46,0,0
1734052769721,47,10 - Replies of a message,200,OK,Postgres 1-1,text,true,,1048,0,1,1,null,47,0,0
1734052769768,46,10 - Replies of a message,200,OK,Postgres 1-1,text,true,,1048,0,1,1,null,46,0,0
1734052769814,47,10 - Replies of a message,200,OK,Postgres 1-1,text,true,,1048,0,1,1,null,47,0,0
1734052769861,46,10 - Replies of a message,200,OK,Postgres 1-1,text,true,,1048,0,1,1,null,46,0,0
1734052769907,47,10 - Replies of a message,200,OK,Postgres 1-1,text,true,,315,0,1,1,null,47,0,0
1734052769954,47,10 - Replies of a message,200,OK,Postgres 1-1,text,true,,315,0,1,1,null,47,0,0
1734052770001,46,10 - Replies of a message,200,OK,Postgres 1-1,text,true,,315,0,1,1,null,46,0,0
1734052770048,47,10 - Replies of a message,200,OK,Postgres 1-1,text,true,,315,0,1,1,null,47,0,0
1734052770095,46,10 - Replies of a message,200,OK,Postgres 1-1,text,true,,574,0,1,1,null,46,0,0
1734052770142,154,10 - Replies of a message,200,OK,Postgres 1-1,text,true,,574,0,1,1,null,154,0,0
1734052770297,46,10 - Replies of a message,200,OK,Postgres 1-1,text,true,,574,0,1,1,null,45,0,0
1734052770343,46,10 - Replies of a message,200,OK,Postgres 1-1,text,true,,574,0,1,1,null,46,0,0
